31.02768193406675
31.06391937054288
31.088883883860642
31.113848397178405
31.138453012846412
31.138453012846412
31.138453012846412
31.138453012846412
31.138453012846412
31.138453012846412
31.138453012846412
31.138453012846412
31.16908688161457
31.19972075038273
31.19972075038273
31.19972075038273
31.19972075038273
31.19972075038273
31.19972075038273
31.19972075038273
31.19972075038273
31.19972075038273
31.19972075038273
31.19972075038273
31.19972075038273
31.19972075038273
31.19972075038273
31.19972075038273
31.19972075038273
31.19972075038273
31.19972075038273
31.19972075038273
31.19972075038273
31.19972075038273
31.19972075038273
31.19972075038273
31.19972075038273
31.19972075038273
31.19972075038273
31.19972075038273
31.19972075038273
31.19972075038273
31.19972075038273
31.19972075038273
31.19972075038273
31.19972075038273
31.20644657957918
31.213172408775623
31.213172408775623
31.213172408775623
31.213172408775623
31.213172408775623
31.213172408775623
31.213172408775623
31.213172408775623
31.213172408775623
31.213172408775623
31.213172408775623
31.213172408775623
31.213172408775623
31.213172408775623
31.213172408775623
31.213172408775623
31.213172408775623
31.213172408775623
31.213172408775623
31.213172408775623
31.213172408775623
31.213172408775623
31.213172408775623
31.213172408775623
31.213172408775623
31.213172408775623
31.213172408775623
31.213172408775623
31.213172408775623
31.213172408775623
31.213172408775623
31.213172408775623
31.213172408775623
31.213172408775623
31.213172408775623
31.213172408775623
31.213172408775623
31.213172408775623
31.213172408775623
31.213172408775623
31.213172408775623
31.213172408775623
31.213172408775623
31.213172408775623
31.213172408775623
31.213172408775623
31.213172408775623
31.213172408775623
31.213172408775623
31.213172408775623
31.213172408775623
31.213172408775623
31.213172408775623
31.213172408775623
31.213172408775623
31.213172408775623
31.213172408775623
31.213172408775623
31.213172408775623
31.213172408775623
31.213172408775623
31.213172408775623
31.213172408775623
31.213172408775623
31.213172408775623
31.213172408775623
31.213172408775623
31.213172408775623
31.213172408775623
31.213172408775623
31.213172408775623
31.213172408775623
31.213172408775623
31.213172408775623
31.213172408775623
31.213172408775623
31.213172408775623
31.213172408775623
31.213172408775623
31.213172408775623
31.213172408775623
31.213172408775623
31.213172408775623
31.213172408775623
31.213172408775623
31.213172408775623
31.213172408775623
31.213172408775623
31.213172408775623
31.213172408775623
31.213172408775623
31.213172408775623
31.213172408775623
31.213172408775623
31.213172408775623
31.213172408775623
31.213172408775623
31.213172408775623
31.213172408775623
31.213172408775623
31.213172408775623
31.213172408775623
31.213172408775623
