8.391379142606688
8.379243824612209
8.370982029955325
8.36272023529844
8.36272023529844
8.36272023529844
8.36272023529844
8.36272023529844
8.36272023529844
8.36272023529844
8.36272023529844
8.36272023529844
8.36272023529844
8.36272023529844
8.36272023529844
8.36272023529844
8.36272023529844
8.36272023529844
8.36272023529844
8.36272023529844
8.36272023529844
8.36272023529844
8.36272023529844
8.36272023529844
8.36272023529844
8.36272023529844
8.36272023529844
8.358601095758775
8.354481956219109
8.354481956219109
8.354481956219109
8.354481956219109
8.354481956219109
8.354481956219109
8.354481956219109
8.354481956219109
8.354481956219109
8.354481956219109
8.354481956219109
8.354481956219109
8.354481956219109
8.354481956219109
8.354481956219109
8.354481956219109
8.354481956219109
8.354481956219109
8.354481956219109
8.350142435891811
8.345802915564512
8.345802915564512
8.345802915564512
8.345802915564512
8.345802915564512
8.345802915564512
8.345802915564512
8.345802915564512
8.345802915564512
8.345802915564512
8.345802915564512
8.345802915564512
8.345802915564512
8.345802915564512
8.345802915564512
8.345802915564512
8.345802915564512
8.345802915564512
8.345802915564512
8.345802915564512
8.345802915564512
8.345802915564512
8.345802915564512
8.345802915564512
8.345802915564512
8.345802915564512
8.345802915564512
8.345802915564512
8.345802915564512
8.345802915564512
8.345802915564512
8.345802915564512
8.345802915564512
8.345802915564512
8.345802915564512
8.345802915564512
8.345802915564512
8.345802915564512
8.345802915564512
8.345802915564512
8.345802915564512
8.345802915564512
8.345802915564512
8.345802915564512
8.345802915564512
8.345802915564512
8.345802915564512
8.345802915564512
8.345802915564512
8.345802915564512
8.345802915564512
8.345802915564512
8.345802915564512
8.345802915564512
8.345802915564512
8.345802915564512
8.345802915564512
8.345802915564512
8.345802915564512
8.345802915564512
8.345802915564512
8.345802915564512
8.345802915564512
8.345802915564512
8.345802915564512
8.345802915564512
8.345802915564512
8.345802915564512
8.345802915564512
8.345802915564512
8.345802915564512
8.345802915564512
8.345802915564512
8.345802915564512
8.345802915564512
8.345802915564512
8.345802915564512
8.345802915564512
8.345802915564512
8.345802915564512
8.345802915564512
8.345802915564512
8.345802915564512
8.345802915564512
8.345802915564512
8.345802915564512
8.345802915564512
8.345802915564512
8.345802915564512
8.345802915564512
8.345802915564512
8.345802915564512
8.345802915564512
8.345802915564512
8.345802915564512
8.345802915564512
8.345802915564512
8.345802915564512
8.345802915564512
8.345802915564512
8.345802915564512
8.345802915564512
