9.529425454781867
9.522035644646126
9.522035644646126
9.522035644646126
9.522035644646126
9.522035644646126
9.522035644646126
9.522035644646126
9.522035644646126
9.522035644646126
9.521736523162145
9.521437401678165
9.521437401678165
9.521437401678165
9.521437401678165
9.521437401678165
9.521437401678165
9.52054028437166
9.519643167065151
9.519643167065151
9.519643167065151
9.519643167065151
9.519643167065151
9.519643167065151
9.519643167065151
9.519643167065151
9.519643167065151
9.519643167065151
9.519643167065151
9.519643167065151
9.519643167065151
9.519643167065151
9.519643167065151
9.519643167065151
9.519643167065151
9.519643167065151
9.519643167065151
9.519643167065151
9.519643167065151
9.519643167065151
9.519643167065151
9.519643167065151
9.519643167065151
9.519643167065151
9.519643167065151
9.519643167065151
9.519643167065151
9.519643167065151
9.519643167065151
9.519643167065151
