8.499543434007583
8.489151142732656
8.473143966852241
8.473143966852241
8.473143966852241
8.473143966852241
8.465872488850835
8.45860101084943
8.45860101084943
8.45860101084943
8.45860101084943
8.45860101084943
8.45860101084943
8.458132718328848
8.457664425808268
8.457664425808268
8.457430317413937
8.457196209019607
8.457196209019607
8.457196209019607
8.457196209019607
8.457196209019607
8.457196209019607
8.457196209019607
8.457196209019607
8.457196209019607
8.457196209019607
8.457196209019607
8.457196209019607
8.457196209019607
8.457196209019607
8.457196209019607
8.457196209019607
8.457196209019607
8.457196209019607
8.457196209019607
8.457196209019607
8.457196209019607
8.457196209019607
8.457196209019607
8.457196209019607
8.457196209019607
8.457196209019607
8.457196209019607
8.457196209019607
8.457196209019607
8.457196209019607
8.457196209019607
8.457196209019607
8.457196209019607
