9.533574692018558
9.522035644646126
9.522035644646126
9.522035644646126
9.522035644646126
9.522035644646126
9.522035644646126
9.522035644646126
9.522035644646126
9.522035644646126
9.522035644646126
9.522035644646126
9.522035644646126
9.522035644646126
9.522035644646126
9.522035644646126
9.521138403778247
9.520241162910368
9.520241162910368
9.520241162910368
9.520241162910368
9.520241162910368
9.520241162910368
9.520241162910368
9.520241162910368
9.519643208229592
9.519045253548818
9.519045253548818
9.519045253548818
9.519045253548818
9.519045253548818
9.519045253548818
9.519045253548818
9.519045253548818
9.519045253548818
9.519045253548818
9.519045253548818
9.519045253548818
9.519045253548818
9.519045253548818
9.519045253548818
9.519045253548818
9.519045253548818
9.519045253548818
9.519045253548818
9.519045253548818
9.519045253548818
9.519045253548818
9.519045253548818
9.519045253548818
9.519045253548818
9.519045253548818
9.519045253548818
9.519045253548818
9.519045253548818
9.519045253548818
9.519045253548818
9.519045253548818
9.519045253548818
9.519045253548818
9.519045253548818
9.519045253548818
9.519045253548818
9.519045253548818
9.519045253548818
9.519045253548818
9.519045253548818
9.519045253548818
9.519045253548818
9.519045253548818
9.519045253548818
9.519045253548818
9.519045253548818
9.519045253548818
9.519045253548818
9.519045253548818
9.519045253548818
9.519045253548818
9.519045253548818
9.519045253548818
9.519045253548818
9.519045253548818
9.519045253548818
9.519045253548818
9.519045253548818
9.519045253548818
9.519045253548818
9.519045253548818
9.519045253548818
9.519045253548818
9.519045253548818
9.519045253548818
9.519045253548818
9.519045253548818
9.519045253548818
9.519045253548818
9.519045253548818
9.519045253548818
9.519045253548818
9.519045253548818
