8.448095583433666
8.409797513774858
8.409797513774858
8.405882232273504
8.401966950772149
8.395962756526428
8.395962756526428
8.395962756526428
8.394860672515826
8.393758588505223
8.387885097854774
8.382011607204324
8.382011607204324
8.382011607204324
8.382011607204324
8.382011607204324
8.382011607204324
8.382011607204324
8.382011607204324
8.382011607204324
8.382011607204324
8.382011607204324
8.382011607204324
8.382011607204324
8.382011607204324
8.382011607204324
8.382011607204324
8.382011607204324
8.382011607204324
8.382011607204324
8.382011607204324
8.382011607204324
8.382011607204324
8.378818447366704
8.375625287529084
8.375625287529084
8.375625287529084
8.375625287529084
8.375625287529084
8.375625287529084
8.375625287529084
8.375625287529084
8.375625287529084
8.375625287529084
8.375625287529084
8.375625287529084
8.375625287529084
8.375625287529084
8.375625287529084
8.375625287529084
