8.504294343859499
8.47716434803364
8.452516815377551
8.452516815377551
8.452516815377551
8.452516815377551
8.452516815377551
8.452516815377551
8.452516815377551
8.452516815377551
8.452516815377551
8.452516815377551
8.452516815377551
8.452516815377551
8.452516815377551
8.452516815377551
8.452516815377551
8.452516815377551
8.452516815377551
8.452516815377551
8.45228298428816
8.452049153198772
8.452049153198772
8.452049153198772
8.452049153198772
8.452049153198772
8.452049153198772
8.452049153198772
8.452049153198772
8.452049153198772
8.452049153198772
8.452049153198772
8.452049153198772
8.446677976032225
8.441306798865678
8.441306798865678
8.441306798865678
8.441306798865678
8.441306798865678
8.441306798865678
8.441306798865678
8.441306798865678
8.441306798865678
8.441306798865678
8.441306798865678
8.441306798865678
8.441306798865678
8.441306798865678
8.441306798865678
8.441306798865678
