9.532520256516381
9.524729263719852
9.522633970033727
9.522633970033727
9.522035685855947
9.521437401678165
9.521138321392655
9.520839241107147
9.520839241107147
9.520839241107147
9.520839241107147
9.520839241107147
9.520839241107147
9.520839241107147
9.520540202008757
9.520241162910368
9.520241162910368
9.520241162910368
9.520241162910368
9.520241162910368
9.520241162910368
9.520241162910368
9.520241162910368
9.520241162910368
9.520241162910368
9.520241162910368
9.520241162910368
9.520241162910368
9.520241162910368
9.520241162910368
9.520241162910368
9.520241162910368
9.520241162910368
9.520241162910368
9.520241162910368
9.520241162910368
9.520241162910368
9.520241162910368
9.520241162910368
9.520241162910368
9.520241162910368
9.520241162910368
9.520241162910368
9.51994216498776
9.519643167065151
9.519643167065151
9.519643167065151
9.519643167065151
9.519643167065151
9.519643167065151
9.519643167065151
9.519643167065151
9.519643167065151
9.519643167065151
9.519643167065151
9.519643167065151
9.519643167065151
9.519643167065151
9.519643167065151
9.519643167065151
9.519643167065151
9.519643167065151
9.519643167065151
9.519643167065151
9.519643167065151
9.519643167065151
9.519643167065151
9.519643167065151
9.519643167065151
9.519643167065151
9.519643167065151
9.519643167065151
9.519643167065151
9.519643167065151
9.519643167065151
9.519643167065151
9.519643167065151
9.519643167065151
9.519643167065151
9.519643167065151
9.519643167065151
9.519643167065151
9.519643167065151
9.519643167065151
9.519643167065151
9.519643167065151
9.519643167065151
9.519643167065151
9.519643167065151
9.519643167065151
9.519643167065151
9.519643167065151
9.519643167065151
9.519643167065151
9.519643167065151
9.519643167065151
9.519643167065151
9.519643167065151
9.519643167065151
9.519643167065151
9.519643167065151
9.519643167065151
9.519643167065151
9.519643167065151
9.519643167065151
9.519643167065151
9.519643167065151
9.519643167065151
9.519643167065151
9.519643167065151
9.519643167065151
9.519643167065151
9.519643167065151
9.519643167065151
9.519643167065151
9.519643167065151
9.519643167065151
9.519643167065151
9.519643167065151
9.519643167065151
9.519643167065151
9.519643167065151
9.519643167065151
9.519643167065151
9.519643167065151
9.519643167065151
9.519643167065151
9.519643167065151
9.519643167065151
9.519643167065151
9.519643167065151
9.519643167065151
9.519643167065151
9.519643167065151
9.519643167065151
9.519643167065151
9.519643167065151
9.519643167065151
9.519643167065151
9.519643167065151
9.519643167065151
9.519643167065151
9.519643167065151
9.519643167065151
9.519643167065151
9.519643167065151
9.519643167065151
9.519643167065151
9.519643167065151
9.519643167065151
