8.475024029573826
8.472674713744196
8.470325397914566
8.467978621062874
8.465631844211183
8.465631844211183
8.465631844211183
8.465162793035471
8.46469374185976
8.46469374185976
8.457436374887186
8.450179007914612
8.450179007914612
8.450179007914612
8.450179007914612
8.450179007914612
8.450179007914612
8.450179007914612
8.450179007914612
8.450179007914612
8.450179007914612
8.450179007914612
8.450179007914612
8.450179007914612
8.450179007914612
8.450179007914612
8.450179007914612
8.450179007914612
8.450179007914612
8.450179007914612
8.450179007914612
8.450179007914612
8.450179007914612
8.450179007914612
8.450179007914612
8.450179007914612
8.450179007914612
8.450179007914612
8.450179007914612
8.450179007914612
8.450179007914612
8.450179007914612
8.450179007914612
8.449010733065581
8.447842458216549
8.447842458216549
8.447842458216549
8.447842458216549
8.447842458216549
8.447842458216549
8.447842458216549
8.447842458216549
8.447842458216549
8.447842458216549
8.447842458216549
8.447842458216549
8.447842458216549
8.447842458216549
8.447842458216549
8.447842458216549
8.447842458216549
8.447842458216549
8.447842458216549
8.447842458216549
8.447842458216549
8.447842458216549
8.447842458216549
8.447842458216549
8.447842458216549
8.447842458216549
8.447842458216549
8.447842458216549
8.447842458216549
8.447842458216549
8.447842458216549
8.447842458216549
8.447842458216549
8.447842458216549
8.447842458216549
8.447842458216549
8.447842458216549
8.447842458216549
8.447842458216549
8.447842458216549
8.447842458216549
8.447842458216549
8.447842458216549
8.447842458216549
8.447842458216549
8.447842458216549
8.447842458216549
8.447842458216549
8.447842458216549
8.447842458216549
8.447842458216549
8.447842458216549
8.447842458216549
8.447842458216549
8.447842458216549
8.447842458216549
