8.393450471747425
8.3691448112181
8.361804098849726
8.361346127233663
8.360888155617598
8.360888155617598
8.360888155617598
8.360888155617598
8.360430280569087
8.359972405520576
8.359972405520576
8.359972405520576
8.359972405520576
8.359972405520576
8.359972405520576
8.359972405520576
8.349923503908208
8.339874602295838
8.339874602295838
8.339874602295838
8.339874602295838
8.339874602295838
8.339874602295838
8.339874602295838
8.339874602295838
8.339874602295838
8.339874602295838
8.339874602295838
8.339874602295838
8.339874602295838
8.339874602295838
8.339874602295838
8.339874602295838
8.339874602295838
8.339874602295838
8.339874602295838
8.339874602295838
8.339874602295838
8.339874602295838
8.339874602295838
8.339874602295838
8.339874602295838
8.339874602295838
8.339874602295838
8.339874602295838
8.339874602295838
8.339874602295838
8.339874602295838
8.339874602295838
8.339874602295838
