8.377871094223666
8.366160137320161
8.361346103086682
8.361346103086682
8.361346103086682
8.361346103086682
8.361346103086682
8.361346103086682
8.361346103086682
8.361346103086682
8.361346103086682
8.35837132615022
8.355396549213756
8.355396549213756
8.355396549213756
8.355396549213756
8.355396549213756
8.355396549213756
8.355396549213756
8.355396549213756
8.355396549213756
8.355396549213756
8.355396549213756
8.355396549213756
8.355396549213756
8.353111029152732
8.350825509091706
8.348314212328109
8.345802915564512
8.345802915564512
8.345802915564512
8.345802915564512
8.345802915564512
8.345802915564512
8.345802915564512
8.345802915564512
8.345802915564512
8.345802915564512
8.345802915564512
8.345802915564512
8.345802915564512
8.345802915564512
8.345802915564512
8.345802915564512
8.345802915564512
8.345802915564512
8.345802915564512
8.345802915564512
8.345802915564512
8.345802915564512
8.345802915564512
8.345802915564512
8.345802915564512
8.345802915564512
8.345802915564512
8.345802915564512
8.345802915564512
8.345802915564512
8.345802915564512
8.345802915564512
8.345802915564512
8.345802915564512
8.345802915564512
8.345802915564512
8.345802915564512
8.345802915564512
8.345802915564512
8.345802915564512
8.345802915564512
8.345802915564512
8.345802915564512
8.345802915564512
8.345802915564512
8.345802915564512
8.345802915564512
8.345802915564512
8.345802915564512
8.345802915564512
8.345802915564512
8.345802915564512
8.345802915564512
8.345802915564512
8.345802915564512
8.345802915564512
8.345802915564512
8.345802915564512
8.345802915564512
8.345802915564512
8.345802915564512
8.345802915564512
8.345802915564512
8.345802915564512
8.345802915564512
8.345802915564512
8.345802915564512
8.345802915564512
8.345802915564512
8.345802915564512
8.345802915564512
8.345802915564512
