8.501266169058093
8.469178337470034
8.452283286444331
8.450646468742686
8.450646468742686
8.450646468742686
8.450646468742686
8.450646468742686
8.450646468742686
8.450646468742686
8.450646468742686
8.450646468742686
8.450646468742686
8.450646468742686
8.450646468742686
8.450646468742686
8.450646468742686
8.450646468742686
8.450646468742686
8.450646468742686
8.450646468742686
8.450646468742686
8.450646468742686
8.450646468742686
8.450646468742686
8.450646468742686
8.450646468742686
8.450646468742686
8.450646468742686
8.450646468742686
8.450646468742686
8.450646468742686
8.450646468742686
8.450646468742686
8.450646468742686
8.450646468742686
8.450646468742686
8.450646468742686
8.450646468742686
8.450646468742686
8.450646468742686
8.450646468742686
8.450646468742686
8.450646468742686
8.450646468742686
8.450646468742686
8.450646468742686
8.450646468742686
8.450646468742686
8.450646468742686
8.450646468742686
8.450646468742686
8.450646468742686
8.450646468742686
8.450646468742686
8.450646468742686
8.450646468742686
8.450646468742686
8.450646468742686
8.450646468742686
8.450646468742686
8.450646468742686
8.450646468742686
8.450646468742686
8.450646468742686
8.450646468742686
8.450646468742686
8.450646468742686
8.450646468742686
8.450646468742686
8.450646468742686
8.450646468742686
8.450646468742686
8.450646468742686
8.450646468742686
8.450646468742686
8.450646468742686
8.450646468742686
8.450646468742686
8.450646468742686
8.450646468742686
8.450646468742686
8.450646468742686
8.450646468742686
8.450646468742686
8.450646468742686
8.450646468742686
8.450646468742686
8.44760993392595
8.444573399109213
8.444573399109213
8.444573399109213
8.444573399109213
8.444573399109213
8.444573399109213
8.444573399109213
8.444573399109213
8.444573399109213
8.444573399109213
8.444573399109213
8.444573399109213
8.444573399109213
8.444573399109213
8.444573399109213
8.444573399109213
8.444573399109213
8.444573399109213
8.444573399109213
8.444573399109213
8.444573399109213
8.444573399109213
8.444573399109213
8.444573399109213
8.444573399109213
8.444573399109213
8.444573399109213
8.444573399109213
8.444573399109213
8.444573399109213
8.444573399109213
8.444573399109213
8.444573399109213
8.442240489119552
8.439907579129889
8.439907579129889
8.439907579129889
8.439907579129889
8.439907579129889
8.439907579129889
8.439907579129889
8.439907579129889
8.439907579129889
8.439907579129889
8.439907579129889
8.439907579129889
8.439907579129889
8.439907579129889
8.439907579129889
8.439907579129889
8.439907579129889
8.439907579129889
8.439907579129889
8.439907579129889
8.439907579129889
8.439907579129889
8.439907579129889
8.439907579129889
8.439907579129889
8.439907579129889
8.439907579129889
