8.500966813970217
8.483146328370275
8.475259406382387
8.458160187893707
8.44270646955052
8.44270646955052
8.44270646955052
8.44270646955052
8.44270646955052
8.44270646955052
8.44270646955052
8.44270646955052
8.44270646955052
8.44270646955052
8.44270646955052
8.44270646955052
8.44270646955052
8.44270646955052
8.44270646955052
8.44270646955052
8.44270646955052
8.44270646955052
8.44270646955052
8.44270646955052
8.44270646955052
8.44270646955052
8.44270646955052
8.44270646955052
8.44270646955052
8.44270646955052
8.44270646955052
8.44270646955052
8.44270646955052
8.44270646955052
8.44270646955052
8.44270646955052
8.44270646955052
8.44270646955052
8.44270646955052
8.44270646955052
8.44270646955052
8.44270646955052
8.44270646955052
8.44270646955052
8.44270646955052
8.44270646955052
8.44270646955052
8.44270646955052
8.44270646955052
8.44270646955052
8.44270646955052
8.44270646955052
8.44270646955052
8.44270646955052
8.44270646955052
8.44270646955052
8.44270646955052
8.44270646955052
8.44270646955052
8.44270646955052
8.44270646955052
8.44270646955052
8.44270646955052
8.441540202585745
8.44037393562097
8.44037393562097
8.44037393562097
8.44037393562097
8.44037393562097
8.44037393562097
8.44037393562097
8.44037393562097
8.44037393562097
8.44037393562097
8.44037393562097
8.44037393562097
8.44037393562097
8.44037393562097
8.44037393562097
8.44037393562097
8.439208294705377
8.438042653789783
8.438042653789783
8.438042653789783
8.438042653789783
8.438042653789783
8.438042653789783
8.438042653789783
8.438042653789783
8.438042653789783
8.438042653789783
8.438042653789783
8.438042653789783
8.438042653789783
8.438042653789783
8.438042653789783
8.438042653789783
8.438042653789783
8.438042653789783
8.438042653789783
