9.539784312946066
9.528624200279667
9.522035644646126
9.522035644646126
9.522035644646126
9.522035644646126
9.521437401678165
9.520839282294267
9.520241162910368
9.520241162910368
9.520241162910368
9.520241162910368
9.520241162910368
9.520241162910368
9.520241162910368
9.520241162910368
9.520241162910368
9.520241162910368
9.520241162910368
9.520241162910368
9.520241162910368
9.520241162910368
9.520241162910368
9.520241162910368
9.520241162910368
9.520241162910368
9.520241162910368
9.520241162910368
9.520241162910368
9.520241162910368
9.520241162910368
9.520241162910368
9.520241162910368
9.520241162910368
9.520241162910368
9.520241162910368
9.520241162910368
9.520241162910368
9.520241162910368
9.520241162910368
9.520241162910368
9.520241162910368
9.520241162910368
9.520241162910368
9.520241162910368
9.520241162910368
9.520241162910368
9.520241162910368
9.520241162910368
9.520241162910368
9.51994216498776
9.519643167065151
9.519643167065151
9.519643167065151
9.519643167065151
9.519643167065151
9.519643167065151
9.519643167065151
9.519643167065151
9.519643167065151
9.519643167065151
9.519643167065151
9.519643167065151
9.519643167065151
9.519643167065151
9.519643167065151
9.519643167065151
9.519643167065151
9.519643167065151
9.519643167065151
9.519643167065151
9.519643167065151
9.519643167065151
9.519643167065151
9.519643167065151
9.519643167065151
9.519643167065151
9.519643167065151
9.519643167065151
9.519643167065151
9.519643167065151
9.519643167065151
9.519643167065151
9.519643167065151
9.519643167065151
9.519643167065151
9.519643167065151
9.519643167065151
9.519643167065151
9.519643167065151
9.519643167065151
9.519643167065151
9.519643167065151
9.519643167065151
9.519643167065151
9.519643167065151
9.519643167065151
9.519643167065151
9.519643167065151
9.519643167065151
