8.511242318311409
8.480198402567119
8.480198402567119
8.480198402567119
8.475731560112795
8.46469374185976
8.462350004546945
8.460006267234132
8.459303639041782
8.458366851965337
8.458132693081247
8.458132693081247
8.458132693081247
8.458132693081247
8.458132693081247
8.458132693081247
8.458132693081247
8.458132693081247
8.458132693081247
8.458132693081247
8.458132693081247
8.458132693081247
8.458132693081247
8.458132693081247
8.458132693081247
8.458132693081247
8.458132693081247
8.458132693081247
8.458132693081247
8.458132693081247
8.458132693081247
8.458132693081247
8.458132693081247
8.458132693081247
8.458132693081247
8.458132693081247
8.458132693081247
8.458132693081247
8.458132693081247
8.458132693081247
8.458132693081247
8.458132693081247
8.458132693081247
8.458132693081247
8.458132693081247
8.45696227726597
8.45579186145069
8.45579186145069
8.45579186145069
8.45579186145069
8.45579186145069
8.45579186145069
8.45579186145069
8.45579186145069
8.45579186145069
8.45579186145069
8.45579186145069
8.45579186145069
8.45579186145069
8.45579186145069
8.45579186145069
8.45579186145069
8.45579186145069
8.45579186145069
8.45579186145069
8.45579186145069
8.45579186145069
8.45579186145069
8.45579186145069
8.45579186145069
8.45579186145069
8.45579186145069
8.45579186145069
8.45579186145069
8.45579186145069
8.45579186145069
8.45579186145069
8.45579186145069
8.45579186145069
8.45579186145069
8.45579186145069
8.45579186145069
8.45579186145069
8.45579186145069
8.45579186145069
8.45579186145069
8.45579186145069
8.45579186145069
8.45579186145069
8.45579186145069
8.45579186145069
8.455323871705449
8.454855881960206
8.454855881960206
8.454855881960206
8.454855881960206
8.454855881960206
8.454855881960206
8.454855881960206
8.454855881960206
8.454855881960206
8.454855881960206
8.454855881960206
8.454855881960206
8.454855881960206
8.454855881960206
8.454855881960206
8.454855881960206
8.454855881960206
8.454855881960206
8.454855881960206
8.454855881960206
8.454855881960206
8.454855881960206
8.454855881960206
8.454855881960206
8.454855881960206
8.454855881960206
8.45251744493741
8.450179007914612
8.450179007914612
8.450179007914612
8.450179007914612
8.450179007914612
8.450179007914612
8.450179007914612
8.450179007914612
8.450179007914612
8.450179007914612
8.450179007914612
8.450179007914612
8.450179007914612
8.450179007914612
8.450179007914612
8.450179007914612
8.450179007914612
8.450179007914612
8.450179007914612
8.450179007914612
8.450179007914612
8.450179007914612
8.450179007914612
8.450179007914612
8.450179007914612
8.450179007914612
8.450179007914612
8.450179007914612
8.450179007914612
8.450179007914612
8.450179007914612
