9.541225098702903
9.534018008146008
9.532818133873448
9.531618922240309
9.526227677626647
9.522035644646126
9.522035644646126
9.522035644646126
9.522035644646126
9.522035644646126
9.522035644646126
9.522035644646126
9.521437401678165
9.521437401678165
9.521437401678165
9.521437401678165
9.521437401678165
9.521437401678165
9.521437401678165
9.521437401678165
9.521437401678165
9.521437401678165
9.521437401678165
9.521437401678165
9.521437401678165
9.521437401678165
9.521437401678165
9.521437401678165
9.521437401678165
9.521437401678165
9.521437401678165
9.521437401678165
9.521437401678165
9.521437401678165
9.521437401678165
9.521437401678165
9.521437401678165
9.521437401678165
9.521437401678165
9.521437401678165
9.521437401678165
9.521437401678165
9.521437401678165
9.521437401678165
9.521437401678165
9.521437401678165
9.521437401678165
9.521437401678165
9.521437401678165
9.521437401678165
9.521437401678165
9.521437401678165
9.521437401678165
9.521437401678165
9.521437401678165
9.521437401678165
9.521437401678165
9.521437401678165
9.521437401678165
9.521437401678165
9.521437401678165
9.521437401678165
9.521437401678165
9.521437401678165
9.521437401678165
9.521437401678165
9.521437401678165
9.521437401678165
9.521437401678165
9.521437401678165
9.521437401678165
9.521437401678165
9.521437401678165
9.521437401678165
9.521437401678165
9.521437401678165
9.521437401678165
9.521437401678165
9.521437401678165
9.521437401678165
9.521437401678165
9.521437401678165
9.521437401678165
9.521437401678165
9.521437401678165
9.521437401678165
9.521437401678165
9.521437401678165
9.521437401678165
9.521437401678165
9.521437401678165
9.521437401678165
9.521437401678165
9.521437401678165
9.521437401678165
9.521437401678165
9.521437401678165
9.521437401678165
9.521437401678165
9.521437401678165
9.521437401678165
9.521437401678165
9.521437401678165
9.521437401678165
9.521437401678165
9.521437401678165
9.521437401678165
9.521437401678165
9.521138321392655
9.520839241107147
9.520839241107147
9.520839241107147
9.520839241107147
9.520839241107147
9.520839241107147
9.520839241107147
9.520839241107147
9.520839241107147
9.520839241107147
9.520839241107147
9.520839241107147
9.520839241107147
9.520839241107147
9.520839241107147
9.520839241107147
9.520839241107147
9.520839241107147
9.520839241107147
9.520839241107147
9.520839241107147
9.520839241107147
9.520839241107147
9.520839241107147
9.520839241107147
9.520839241107147
9.520839241107147
9.520839241107147
9.520839241107147
9.520839241107147
9.520839241107147
9.520839241107147
9.520839241107147
9.520839241107147
9.520839241107147
9.520839241107147
9.520839241107147
9.520839241107147
9.520839241107147
9.520839241107147
9.520839241107147
