8.386801754780652
8.37326971831623
8.37326971831623
8.37326971831623
8.37326971831623
8.365012607479189
8.361804098849726
8.361804098849726
8.361804098849726
8.361804098849726
8.361804098849726
8.361804098849726
8.361804098849726
8.35997279162795
8.358141484406175
8.358141484406175
8.358141484406175
8.358141484406175
8.358141484406175
8.358141484406175
8.358141484406175
8.3558545200984
8.353567555790626
8.353567555790626
8.353567555790626
8.353567555790626
8.353567555790626
8.353567555790626
8.353567555790626
8.353567555790626
8.353567555790626
8.353567555790626
8.353567555790626
8.353567555790626
8.353567555790626
8.353567555790626
8.353567555790626
8.353567555790626
8.353567555790626
8.353567555790626
8.353567555790626
8.353567555790626
8.353567555790626
8.353567555790626
8.353567555790626
8.353567555790626
8.353567555790626
8.353567555790626
8.353567555790626
8.353567555790626
8.353567555790626
8.353567555790626
8.353567555790626
8.353567555790626
8.353567555790626
8.353567555790626
8.353567555790626
8.353567555790626
8.353567555790626
8.353567555790626
8.353567555790626
8.353567555790626
8.353567555790626
8.353567555790626
8.353567555790626
8.353567555790626
8.353567555790626
8.353567555790626
8.350141619119668
8.34671568244871
8.34671568244871
8.34671568244871
8.34671568244871
8.34671568244871
8.34671568244871
8.34671568244871
8.34671568244871
8.34671568244871
8.34671568244871
8.34671568244871
8.34671568244871
8.34671568244871
8.34671568244871
8.34671568244871
8.34671568244871
8.34671568244871
8.34671568244871
8.34671568244871
8.34671568244871
8.34671568244871
8.34671568244871
8.34671568244871
8.34671568244871
8.34671568244871
8.34671568244871
8.34671568244871
8.34671568244871
8.34671568244871
8.34671568244871
8.34671568244871
