8.3983027177866
8.38691797742426
8.379703711817491
8.379703711817491
8.379013954044892
8.378324196272292
8.378324196272292
8.374649183912965
8.37097417155364
8.37097417155364
8.37097417155364
8.37097417155364
8.37097417155364
8.37097417155364
8.367534486992316
8.36409480243099
8.36409480243099
8.36409480243099
8.36409480243099
8.36409480243099
8.36409480243099
8.36409480243099
8.36409480243099
8.36409480243099
8.36020306864334
8.35631133485569
8.35631133485569
8.35631133485569
8.35631133485569
8.35631133485569
8.35631133485569
8.35631133485569
8.35631133485569
8.35631133485569
8.35631133485569
8.35631133485569
8.35631133485569
8.35631133485569
8.35631133485569
8.35631133485569
8.35631133485569
8.35631133485569
8.35631133485569
8.35631133485569
8.35631133485569
8.35631133485569
8.35631133485569
8.35631133485569
8.35631133485569
8.35631133485569
8.35631133485569
8.35631133485569
8.35631133485569
8.35631133485569
8.35631133485569
8.35631133485569
8.35631133485569
8.35631133485569
8.35631133485569
8.35631133485569
8.35631133485569
8.35631133485569
8.35631133485569
8.354482341351464
8.352653347847237
8.352653347847237
8.352653347847237
8.352653347847237
8.352653347847237
8.352653347847237
8.352653347847237
8.352653347847237
8.352653347847237
8.352653347847237
8.352653347847237
8.352653347847237
8.352653347847237
8.352653347847237
8.352653347847237
8.352653347847237
8.352653347847237
8.352653347847237
8.352653347847237
8.352653347847237
8.352653347847237
8.352653347847237
8.352653347847237
8.352653347847237
8.352653347847237
8.352653347847237
8.352653347847237
8.352653347847237
8.352653347847237
8.352653347847237
8.352653347847237
8.352653347847237
8.352653347847237
8.352653347847237
8.352653347847237
8.352653347847237
