8.43517159910323
8.417766468941414
8.395456250420779
8.395456250420779
8.395456250420779
8.395456250420779
8.394368112276917
8.393279974133055
8.393279974133055
8.393279974133055
8.39241378344587
8.391547592758684
8.390005898532515
8.388464204306347
8.388464204306347
8.388464204306347
8.388464204306347
8.388464204306347
8.388464204306347
8.388464204306347
8.388464204306347
8.388464204306347
8.388464204306347
8.386190153789936
8.383916103273524
8.383916103273524
8.383916103273524
8.383916103273524
8.383916103273524
8.383916103273524
8.383916103273524
8.383916103273524
8.383916103273524
8.383916103273524
8.383916103273524
8.383916103273524
8.383916103273524
8.383916103273524
8.383916103273524
8.383916103273524
8.383916103273524
8.383916103273524
8.383916103273524
8.383916103273524
8.383916103273524
8.383916103273524
8.383916103273524
8.383916103273524
8.383916103273524
8.383916103273524
