9.542582755721757
9.527723324970356
9.526225654444394
9.525926244253018
9.522933998486005
9.520241162910368
9.520241162910368
9.520241162910368
9.520241162910368
9.520241162910368
9.520241162910368
9.520241162910368
9.520241162910368
9.520241162910368
9.520241162910368
9.520241162910368
9.520241162910368
9.520241162910368
9.520241162910368
9.520241162910368
9.520241162910368
9.520241162910368
9.520241162910368
9.520241162910368
9.520241162910368
9.520241162910368
9.520241162910368
9.520241162910368
9.520241162910368
9.520241162910368
9.520241162910368
9.520241162910368
9.520241162910368
9.520241162910368
9.520241162910368
9.520241162910368
9.520241162910368
9.520241162910368
9.520241162910368
9.520241162910368
9.520241162910368
9.520241162910368
9.520241162910368
9.520241162910368
9.520241162910368
9.520241162910368
9.520241162910368
9.520241162910368
9.520241162910368
9.520241162910368
9.520241162910368
9.520241162910368
9.520241162910368
9.520241162910368
9.520241162910368
9.520241162910368
9.520241162910368
9.520241162910368
9.520241162910368
9.520241162910368
9.520241162910368
9.520241162910368
9.520241162910368
9.520241162910368
9.520241162910368
9.520241162910368
9.520241162910368
9.520241162910368
9.520241162910368
9.519643208229592
9.519045253548818
9.519045253548818
9.519045253548818
9.519045253548818
9.519045253548818
9.519045253548818
9.519045253548818
9.519045253548818
9.519045253548818
9.519045253548818
9.519045253548818
9.519045253548818
9.519045253548818
9.519045253548818
9.519045253548818
9.519045253548818
9.519045253548818
9.519045253548818
9.519045253548818
9.519045253548818
9.519045253548818
9.519045253548818
9.519045253548818
9.519045253548818
9.519045253548818
9.519045253548818
9.519045253548818
9.519045253548818
9.519045253548818
9.519045253548818
9.519045253548818
9.519045253548818
9.519045253548818
9.519045253548818
9.519045253548818
9.519045253548818
9.519045253548818
9.519045253548818
9.519045253548818
9.519045253548818
9.519045253548818
9.519045253548818
9.519045253548818
9.519045253548818
9.519045253548818
9.519045253548818
9.519045253548818
9.519045253548818
9.519045253548818
9.519045253548818
9.519045253548818
9.519045253548818
9.519045253548818
9.519045253548818
9.519045253548818
9.519045253548818
9.519045253548818
9.519045253548818
9.519045253548818
9.519045253548818
9.519045253548818
9.519045253548818
9.519045253548818
9.519045253548818
9.519045253548818
9.519045253548818
9.519045253548818
9.519045253548818
9.519045253548818
9.519045253548818
9.519045253548818
9.519045253548818
9.519045253548818
9.519045253548818
9.519045253548818
9.519045253548818
9.519045253548818
9.519045253548818
9.519045253548818
9.519045253548818
