8.415815332021817
8.415560149969373
8.41530496791693
8.41530496791693
8.41530496791693
8.41530496791693
8.41477735547416
8.41424974303139
8.41424974303139
8.41424974303139
8.41424974303139
8.41424974303139
8.41424974303139
8.41424974303139
8.41424974303139
8.41424974303139
8.41424974303139
8.41424974303139
8.41424974303139
8.41424974303139
8.41424974303139
8.408041839576953
8.395794351905629
8.395794351905629
8.395794351905629
8.395794351905629
8.395794351905629
8.395794351905629
8.395794351905629
8.395794351905629
8.395794351905629
8.395794351905629
8.395794351905629
8.395794351905629
8.395794351905629
8.395794351905629
8.395794351905629
8.395794351905629
8.395794351905629
8.38417346180031
8.372552571694992
8.372552571694992
8.372552571694992
8.372552571694992
8.372552571694992
8.372552571694992
8.372552571694992
8.372552571694992
8.372552571694992
8.372552571694992
8.372552571694992
8.372552571694992
8.372552571694992
8.372552571694992
8.372552571694992
8.372552571694992
8.372552571694992
8.372552571694992
8.372552571694992
8.372552571694992
8.372552571694992
8.372552571694992
8.372552571694992
8.372552571694992
8.372552571694992
8.372552571694992
8.372552571694992
8.372552571694992
8.372552571694992
8.372552571694992
8.372552571694992
8.372552571694992
8.372552571694992
8.372552571694992
8.372552571694992
8.372552571694992
8.372552571694992
8.372552571694992
8.372552571694992
8.372552571694992
8.372552571694992
8.372552571694992
8.372552571694992
8.372552571694992
8.372552571694992
8.372552571694992
8.372552571694992
8.372552571694992
8.372552571694992
8.372552571694992
8.372552571694992
8.372552571694992
8.372552571694992
8.372552571694992
8.372552571694992
8.372552571694992
8.372552571694992
8.372552571694992
8.372552571694992
8.372552571694992
8.372552571694992
8.372552571694992
8.372552571694992
8.372552571694992
8.372552571694992
8.372552571694992
8.372552571694992
8.372552571694992
8.372552571694992
8.372552571694992
8.372552571694992
8.372552571694992
8.372552571694992
8.372552571694992
8.372552571694992
8.372552571694992
8.372552571694992
8.372552571694992
8.372552571694992
8.372552571694992
8.372552571694992
8.372552571694992
8.372552571694992
8.372552571694992
8.372552571694992
8.372552571694992
8.372552571694992
8.372552571694992
8.372552571694992
8.372552571694992
8.372552571694992
8.372552571694992
8.372552571694992
8.372552571694992
8.372552571694992
8.372552571694992
8.372552571694992
8.372552571694992
8.372552571694992
8.372552571694992
8.372552571694992
8.372552571694992
8.372552571694992
8.372552571694992
8.372552571694992
8.372552571694992
8.372552571694992
8.372552571694992
8.372552571694992
8.372552571694992
