8.386735975762704
8.368679837505333
8.368679837505333
8.364783996561465
8.360888155617598
8.360888155617598
8.36020137924494
8.35951460287228
8.35951460287228
8.354713240494979
8.349911878117677
8.349911878117677
8.349911878117677
8.349911878117677
8.349911878117677
8.349911878117677
8.349911878117677
8.349911878117677
8.349911878117677
8.349911878117677
8.349911878117677
8.349911878117677
8.349911878117677
8.349911878117677
8.349911878117677
8.349911878117677
8.349911878117677
8.349911878117677
8.349911878117677
8.349911878117677
8.349911878117677
8.349911878117677
8.349911878117677
8.349911878117677
8.349911878117677
8.349911878117677
8.349911878117677
8.349911878117677
8.349911878117677
8.349911878117677
8.349911878117677
8.349911878117677
8.349911878117677
8.349911878117677
8.349911878117677
8.349911878117677
8.349911878117677
8.349911878117677
8.349911878117677
8.349911878117677
8.349911878117677
8.349911878117677
8.349911878117677
8.349911878117677
8.349911878117677
8.349911878117677
8.349911878117677
8.349911878117677
8.349911878117677
8.349911878117677
8.349911878117677
8.349911878117677
8.349911878117677
8.349911878117677
8.349911878117677
8.349911878117677
8.349911878117677
8.349911878117677
8.349911878117677
8.349911878117677
8.349911878117677
8.349911878117677
8.349911878117677
8.349911878117677
8.349911878117677
8.349911878117677
8.349911878117677
8.349911878117677
8.349911878117677
8.349911878117677
8.349911878117677
8.349911878117677
8.349911878117677
8.349911878117677
8.349911878117677
8.349911878117677
8.349911878117677
8.349911878117677
8.349911878117677
8.349911878117677
8.349911878117677
8.349911878117677
8.349911878117677
8.349911878117677
8.349911878117677
8.349911878117677
8.349911878117677
8.349911878117677
8.349911878117677
8.349911878117677
8.349911878117677
8.349911878117677
8.349911878117677
8.349911878117677
8.349911878117677
8.349911878117677
8.349911878117677
8.349911878117677
8.349911878117677
8.349911878117677
8.349911878117677
8.349911878117677
8.349911878117677
8.349911878117677
8.349911878117677
8.349911878117677
8.349911878117677
8.349911878117677
8.349911878117677
8.349911878117677
8.349911878117677
8.349911878117677
8.349911878117677
8.349911878117677
8.349911878117677
8.349911878117677
8.349911878117677
8.349911878117677
8.349911878117677
8.349911878117677
8.349911878117677
8.349911878117677
8.349911878117677
8.349911878117677
8.349911878117677
8.349911878117677
8.349911878117677
8.349911878117677
8.349911878117677
8.349911878117677
8.349911878117677
8.349911878117677
8.349911878117677
8.349911878117677
8.349911878117677
8.349911878117677
8.349911878117677
8.349911878117677
8.349911878117677
8.349911878117677
