8.49481398270669
8.482081522301351
8.475264444997318
8.448309667599931
8.448309667599931
8.448309667599931
8.448309667599931
8.448309667599931
8.448309667599931
8.448309667599931
8.448309667599931
8.448309667599931
8.448309667599931
8.448309667599931
8.448309667599931
8.448309667599931
8.448309667599931
8.448309667599931
8.445508068575226
8.44270646955052
8.44270646955052
8.44270646955052
8.44270646955052
8.44270646955052
8.44270646955052
8.44270646955052
8.44270646955052
8.44270646955052
8.44270646955052
8.44270646955052
8.44270646955052
8.44270646955052
8.44270646955052
8.44270646955052
8.44270646955052
8.44270646955052
8.44270646955052
8.44270646955052
8.44270646955052
8.44270646955052
8.44270646955052
8.44270646955052
8.44270646955052
8.44270646955052
8.44270646955052
8.44270646955052
8.44270646955052
8.44270646955052
8.44270646955052
8.44270646955052
8.44270646955052
8.44270646955052
8.44270646955052
8.44270646955052
8.44270646955052
8.44270646955052
8.441073871131248
8.439441272711978
8.439441272711978
8.43850891013453
8.437576547557082
8.437576547557082
8.437576547557082
8.437576547557082
8.437576547557082
8.437576547557082
8.437576547557082
8.437576547557082
8.437576547557082
8.437576547557082
8.437576547557082
8.437576547557082
8.437576547557082
8.437576547557082
8.437576547557082
8.437576547557082
8.437576547557082
8.437576547557082
8.437576547557082
8.437576547557082
8.437576547557082
8.437576547557082
8.437576547557082
8.437576547557082
8.437576547557082
8.437576547557082
8.437576547557082
8.437576547557082
8.437576547557082
8.437576547557082
8.437576547557082
8.437576547557082
8.437576547557082
8.437576547557082
8.437576547557082
8.437576547557082
8.437576547557082
8.437576547557082
8.437576547557082
8.437576547557082
8.437576547557082
8.437576547557082
8.437576547557082
8.437576547557082
8.437576547557082
8.437576547557082
8.437576547557082
8.437576547557082
8.437576547557082
8.437576547557082
8.437576547557082
8.437576547557082
8.437576547557082
8.437576547557082
8.437576547557082
8.437576547557082
8.437576547557082
8.437576547557082
8.437576547557082
8.437576547557082
8.437576547557082
8.437576547557082
8.437576547557082
8.437576547557082
8.437576547557082
8.437576547557082
8.437576547557082
8.437576547557082
8.437576547557082
8.437576547557082
8.437576547557082
8.437576547557082
8.437576547557082
8.437576547557082
8.437576547557082
8.437576547557082
8.437576547557082
8.437576547557082
8.437576547557082
8.437576547557082
8.437576547557082
8.437576547557082
8.437576547557082
8.437576547557082
8.437576547557082
8.437576547557082
8.437576547557082
8.437576547557082
8.437576547557082
8.437576547557082
8.437576547557082
8.437576547557082
8.437576547557082
8.437576547557082
8.437576547557082
8.437576547557082
8.437576547557082
8.437576547557082
8.437576547557082
8.437576547557082
8.437576547557082
8.437576547557082
8.437576547557082
8.437576547557082
8.437576547557082
8.437576547557082
8.437576547557082
8.437576547557082
8.437576547557082
8.437576547557082
8.437576547557082
8.437576547557082
8.437576547557082
8.437576547557082
8.437576547557082
8.437576547557082
8.437576547557082
8.437576547557082
8.437576547557082
8.437576547557082
8.437576547557082
8.437576547557082
8.437576547557082
8.437576547557082
8.437576547557082
8.437576547557082
8.437576547557082
8.437576547557082
8.437576547557082
8.437576547557082
8.437576547557082
8.437576547557082
8.437576547557082
8.437576547557082
8.437576547557082
8.437576547557082
8.437576547557082
8.437576547557082
8.437576547557082
8.437576547557082
