8.438996294328392
8.396658583561166
8.396658583561166
8.396658583561166
8.396658583561166
8.396658583561166
8.396658583561166
8.396658583561166
8.396658583561166
8.396658583561166
8.396658583561166
8.396658583561166
8.396658583561166
8.396563392243971
8.396468200926776
8.396468200926776
8.396468200926776
8.396468200926776
8.396468200926776
8.396468200926776
8.396468200926776
8.396468200926776
8.396468200926776
8.396468200926776
8.396468200926776
8.396468200926776
8.396468200926776
8.396468200926776
8.396468200926776
8.396468200926776
8.396468200926776
8.396468200926776
8.396468200926776
8.396468200926776
8.396468200926776
8.396468200926776
8.394468034550854
8.392467868174931
8.392467868174931
8.392467868174931
8.392467868174931
8.392467868174931
8.392467868174931
8.392467868174931
8.392467868174931
8.392467868174931
8.392467868174931
8.392467868174931
8.392467868174931
8.392467868174931
8.392467868174931
8.392467868174931
8.392467868174931
8.392467868174931
8.392467868174931
8.392467868174931
8.392467868174931
8.392467868174931
8.392467868174931
8.392467868174931
8.392467868174931
8.392467868174931
8.392467868174931
8.392467868174931
8.392467868174931
8.392467868174931
8.392467868174931
8.391266837821462
8.390065807467991
8.390065807467991
8.390065807467991
8.390065807467991
8.390065807467991
8.390065807467991
8.390065807467991
8.390065807467991
8.390065807467991
8.390065807467991
8.390065807467991
8.390065807467991
8.390065807467991
8.390065807467991
8.390065807467991
8.390065807467991
8.390065807467991
8.390065807467991
8.390065807467991
8.390065807467991
8.390065807467991
8.390065807467991
8.390065807467991
8.390065807467991
8.390065807467991
8.390065807467991
8.390065807467991
8.390065807467991
8.390065807467991
8.390065807467991
8.390065807467991
8.390065807467991
8.390065807467991
8.388084030664423
8.386102253860855
8.386102253860855
8.386102253860855
8.386102253860855
8.386102253860855
8.386102253860855
8.386102253860855
8.386102253860855
8.386102253860855
8.386102253860855
8.386102253860855
8.386102253860855
8.386102253860855
8.386102253860855
8.386102253860855
8.386102253860855
8.386102253860855
8.386102253860855
8.386102253860855
8.386102253860855
8.386102253860855
8.386102253860855
8.386102253860855
8.386102253860855
8.386102253860855
8.386102253860855
8.386102253860855
8.386102253860855
8.386102253860855
8.386102253860855
8.386102253860855
8.386102253860855
8.386102253860855
8.386102253860855
8.386102253860855
8.386102253860855
8.386102253860855
8.383886529188775
8.383886529188775
8.383886529188775
8.383886529188775
8.383886529188775
8.383886529188775
8.383886529188775
8.383886529188775
8.383886529188775
8.383886529188775
8.383886529188775
