9.53311804029054
9.527127767775806
9.521437401678165
9.521437401678165
9.521437401678165
9.521437401678165
9.521437401678165
9.521437401678165
9.521437401678165
9.521437401678165
9.521437401678165
9.521437401678165
9.521437401678165
9.521437401678165
9.521437401678165
9.521437401678165
9.521437401678165
9.521437401678165
9.521437401678165
9.521437401678165
9.521437401678165
9.52024132761349
9.519045253548818
9.519045253548818
9.519045253548818
9.519045253548818
9.519045253548818
9.519045253548818
9.519045253548818
9.519045253548818
9.519045253548818
9.519045253548818
9.519045253548818
9.519045253548818
9.519045253548818
9.519045253548818
9.519045253548818
9.519045253548818
9.519045253548818
9.519045253548818
9.519045253548818
9.519045253548818
9.519045253548818
9.519045253548818
9.519045253548818
9.519045253548818
9.519045253548818
9.519045253548818
9.519045253548818
9.519045253548818
