8.4280878416088
8.414483856412732
8.414483856412732
8.414483856412732
8.414483856412732
8.40884173184508
8.403199607277426
8.403199607277426
8.398227075076054
8.393254542874685
8.393254542874685
8.389414512567829
8.385574482260974
8.385574482260974
8.385574482260974
8.385574482260974
8.385574482260974
8.385574482260974
8.385574482260974
8.385574482260974
8.385574482260974
8.385574482260974
8.385574482260974
8.385574482260974
8.385574482260974
8.385574482260974
8.385574482260974
8.385574482260974
8.385574482260974
8.385574482260974
8.385574482260974
8.385574482260974
8.385574482260974
8.385574482260974
8.385574482260974
8.385574482260974
8.385574482260974
8.385574482260974
8.385574482260974
8.385574482260974
8.385574482260974
8.385574482260974
8.385574482260974
8.385574482260974
8.385574482260974
8.385574482260974
8.385574482260974
8.385574482260974
8.385574482260974
8.385574482260974
