8.428680100581893
8.4040363873502
8.4040363873502
8.4040363873502
8.4040363873502
8.4040363873502
8.4040363873502
8.4040363873502
8.394718452507762
8.385400517665325
8.385400517665325
8.385400517665325
8.385400517665325
8.385400517665325
8.385400517665325
8.385400517665325
8.385400517665325
8.385400517665325
8.385400517665325
8.385400517665325
8.385400517665325
8.385400517665325
8.385400517665325
8.385400517665325
8.385400517665325
8.385400517665325
8.385400517665325
8.385400517665325
8.385400517665325
8.385400517665325
8.385400517665325
8.385400517665325
8.385400517665325
8.385400517665325
8.385400517665325
8.385400517665325
8.385400517665325
8.385400517665325
8.385400517665325
8.385400517665325
8.385400517665325
8.385400517665325
8.385400517665325
8.385400517665325
8.385400517665325
8.385400517665325
8.385400517665325
8.385400517665325
8.385400517665325
8.385400517665325
8.385400517665325
8.385400517665325
8.385400517665325
8.385400517665325
8.385400517665325
8.385400517665325
8.385400517665325
8.385400517665325
8.385400517665325
8.385400517665325
8.385400517665325
8.385400517665325
8.385400517665325
8.385400517665325
8.385400517665325
8.385400517665325
8.385400517665325
8.385400517665325
8.385400517665325
8.385400517665325
8.385400517665325
8.385400517665325
8.385400517665325
8.385400517665325
8.385400517665325
8.385400517665325
8.385400517665325
8.385400517665325
8.385400517665325
8.385400517665325
8.385400517665325
8.385400517665325
8.385400517665325
8.385400517665325
8.385400517665325
8.385400517665325
8.385400517665325
8.385400517665325
8.385400517665325
8.385400517665325
8.385400517665325
8.385400517665325
8.385400517665325
8.385400517665325
8.385400517665325
8.385400517665325
8.385400517665325
8.385400517665325
8.385400517665325
8.385400517665325
8.385400517665325
8.385400517665325
8.385400517665325
8.385400517665325
8.385400517665325
8.385400517665325
8.385400517665325
8.385400517665325
8.385400517665325
8.385400517665325
8.385400517665325
8.385400517665325
8.385400517665325
8.385400517665325
8.38126691581217
8.377133313959016
8.377133313959016
8.377133313959016
8.377133313959016
8.377133313959016
8.377133313959016
8.377133313959016
8.377133313959016
8.377133313959016
8.377133313959016
8.377133313959016
8.377133313959016
8.377133313959016
8.377133313959016
8.377133313959016
8.377133313959016
8.377133313959016
8.377133313959016
8.377133313959016
8.377133313959016
8.377133313959016
8.377133313959016
8.377133313959016
8.377133313959016
8.377133313959016
8.377133313959016
8.377133313959016
8.377133313959016
8.377133313959016
8.377133313959016
8.377133313959016
8.377133313959016
8.377133313959016
8.377133313959016
8.377133313959016
