8.496537488752002
8.481610665812678
8.470803988479357
8.457197117541561
8.454387967848993
8.454387967848993
8.454387967848993
8.454387967848993
8.454387967848993
8.454387967848993
8.454387967848993
8.454387967848993
8.454387967848993
8.454387967848993
8.454387967848993
8.454387967848993
8.454387967848993
8.454387967848993
8.454387967848993
8.454387967848993
8.454387967848993
8.454387967848993
8.454387967848993
8.454387967848993
8.454387967848993
8.454387967848993
8.454387967848993
8.454387967848993
8.454387967848993
8.454387967848993
8.454387967848993
8.454387967848993
8.454387967848993
8.454387967848993
8.454387967848993
8.454387967848993
8.454387967848993
8.454387967848993
8.454387967848993
8.454387967848993
8.454387967848993
8.454387967848993
8.454387967848993
8.454387967848993
8.454387967848993
8.454387967848993
8.454387967848993
8.454387967848993
8.449714112386559
8.445040256924125
8.445040256924125
8.445040256924125
8.445040256924125
8.445040256924125
8.445040256924125
8.445040256924125
8.445040256924125
8.445040256924125
8.445040256924125
8.445040256924125
8.445040256924125
8.445040256924125
8.445040256924125
8.445040256924125
8.445040256924125
8.445040256924125
8.445040256924125
8.445040256924125
8.445040256924125
8.445040256924125
8.445040256924125
8.445040256924125
8.445040256924125
8.445040256924125
8.445040256924125
8.442240764818052
8.439441272711978
8.439441272711978
8.439441272711978
8.439441272711978
8.439441272711978
8.439441272711978
8.439441272711978
8.439441272711978
8.439441272711978
8.439441272711978
8.439441272711978
8.439441272711978
8.439441272711978
8.439441272711978
8.439441272711978
8.439441272711978
8.439441272711978
8.439441272711978
8.439441272711978
8.439441272711978
8.439441272711978
8.439441272711978
8.439441272711978
8.439441272711978
8.439441272711978
8.439441272711978
8.439441272711978
8.439441272711978
8.439441272711978
8.439441272711978
8.439441272711978
8.439441272711978
8.439441272711978
8.439441272711978
8.439441272711978
8.439441272711978
8.439441272711978
8.439441272711978
8.439441272711978
8.439441272711978
8.439441272711978
8.439441272711978
8.439441272711978
8.439441272711978
8.439441272711978
8.439441272711978
8.439441272711978
8.439441272711978
8.439441272711978
8.439441272711978
8.439441272711978
8.439441272711978
8.439441272711978
8.439441272711978
8.439441272711978
8.439441272711978
8.439441272711978
8.439441272711978
8.439441272711978
8.439441272711978
8.439441272711978
8.439441272711978
8.439441272711978
8.439441272711978
8.439441272711978
8.439441272711978
8.439441272711978
8.439441272711978
8.439441272711978
8.439441272711978
8.439441272711978
8.439441272711978
8.439441272711978
8.439441272711978
