8.504430818489478
8.475024029573826
8.473849053943448
8.472674078313071
8.468683910086416
8.46469374185976
8.46469374185976
8.46469374185976
8.46469374185976
8.46469374185976
8.46469374185976
8.46469374185976
8.46469374185976
8.46469374185976
8.46469374185976
8.46469374185976
8.46469374185976
8.46469374185976
8.46469374185976
8.463755943352627
8.462818144845494
8.462818144845494
8.462818144845494
8.462818144845494
8.462818144845494
8.462818144845494
8.462818144845494
8.459305003148092
8.45579186145069
8.45579186145069
8.45579186145069
8.45579186145069
8.45579186145069
8.45579186145069
8.45579186145069
8.45579186145069
8.45579186145069
8.447616567081333
8.439441272711978
8.439441272711978
8.439441272711978
8.439441272711978
8.439441272711978
8.439441272711978
8.439441272711978
8.439441272711978
8.439441272711978
8.439441272711978
8.439441272711978
8.439441272711978
8.439441272711978
8.439441272711978
8.439441272711978
8.439441272711978
8.439441272711978
8.439441272711978
8.439441272711978
8.439441272711978
8.439441272711978
8.439441272711978
8.439441272711978
8.439441272711978
8.439441272711978
8.439441272711978
8.439441272711978
8.439441272711978
8.439441272711978
8.439441272711978
8.439441272711978
8.439441272711978
8.439441272711978
8.439441272711978
8.439441272711978
8.439441272711978
8.439441272711978
8.439441272711978
8.439441272711978
8.439441272711978
8.439441272711978
8.439441272711978
8.439441272711978
8.439441272711978
8.439441272711978
8.439441272711978
8.439441272711978
8.439441272711978
8.439441272711978
8.439441272711978
8.439441272711978
8.439441272711978
8.439441272711978
8.439441272711978
8.439441272711978
8.439441272711978
8.439441272711978
8.439441272711978
8.439441272711978
8.439441272711978
8.439441272711978
8.439441272711978
