8.432413466792648
8.415312865821393
8.407108926417255
8.398904987013118
8.398904987013118
8.398904987013118
8.39245619661975
8.386007406226382
8.386007406226382
8.386007406226382
8.386007406226382
8.386007406226382
8.386007406226382
8.386007406226382
8.386007406226382
8.386007406226382
8.386007406226382
8.386007406226382
8.386007406226382
8.386007406226382
8.386007406226382
8.386007406226382
8.386007406226382
8.386007406226382
8.386007406226382
8.386007406226382
8.386007406226382
8.386007406226382
8.386007406226382
8.386007406226382
8.386007406226382
8.386007406226382
8.386007406226382
8.386007406226382
8.386007406226382
8.386007406226382
8.386007406226382
8.386007406226382
8.386007406226382
8.386007406226382
8.386007406226382
8.386007406226382
8.386007406226382
8.386007406226382
8.386007406226382
8.386007406226382
8.386007406226382
8.386007406226382
8.386007406226382
8.386007406226382
8.386007406226382
8.386007406226382
8.386007406226382
8.386007406226382
8.385290925390441
8.3845744445545
8.3845744445545
8.3845744445545
8.3845744445545
8.3845744445545
8.3845744445545
8.3845744445545
8.3845744445545
8.3845744445545
8.3845744445545
8.3845744445545
8.3845744445545
8.3845744445545
8.3845744445545
8.3845744445545
8.3845744445545
8.3845744445545
8.3845744445545
8.3845744445545
8.3845744445545
8.3845744445545
8.3845744445545
8.3845744445545
8.3845744445545
8.3845744445545
8.3845744445545
8.3845744445545
8.3845744445545
8.3845744445545
8.3845744445545
8.3845744445545
8.3845744445545
8.3845744445545
8.3845744445545
8.3845744445545
8.3845744445545
8.3845744445545
8.3845744445545
8.3845744445545
8.3845744445545
8.3845744445545
8.3845744445545
8.3845744445545
8.3845744445545
8.3845744445545
