8.434147604980069
8.420326759678925
8.420326759678925
8.420326759678925
8.413685770956985
8.407044782235046
8.40686686274206
8.406688943249076
8.40582098756444
8.404953031879803
8.404953031879803
8.404953031879803
8.404953031879803
8.404953031879803
8.404953031879803
8.404953031879803
8.400716060871453
8.396479089863105
8.396479089863105
8.396479089863105
8.396479089863105
8.396479089863105
8.396479089863105
8.396479089863105
8.396479089863105
8.396479089863105
8.396479089863105
8.396479089863105
8.396479089863105
8.396479089863105
8.396479089863105
8.396479089863105
8.396479089863105
8.396479089863105
8.396479089863105
8.396479089863105
8.396479089863105
8.396479089863105
8.396479089863105
8.396479089863105
8.396479089863105
8.396479089863105
8.396479089863105
8.396479089863105
8.396479089863105
8.396479089863105
8.39096154325309
8.39096154325309
8.39096154325309
8.39096154325309
8.39096154325309
8.39096154325309
8.39096154325309
8.39096154325309
8.39096154325309
8.39096154325309
8.39096154325309
8.39096154325309
8.39096154325309
8.39096154325309
8.39096154325309
8.39096154325309
8.39096154325309
8.39096154325309
8.39096154325309
8.39096154325309
8.39096154325309
8.39096154325309
8.39096154325309
8.39096154325309
8.39096154325309
8.39096154325309
8.39096154325309
8.39096154325309
8.39096154325309
8.39096154325309
8.39096154325309
8.39096154325309
8.39096154325309
8.39096154325309
8.39096154325309
8.39096154325309
8.39096154325309
8.39096154325309
8.39096154325309
8.39096154325309
8.39096154325309
8.39096154325309
8.39096154325309
8.39096154325309
8.39096154325309
8.39096154325309
8.39096154325309
8.39096154325309
8.39096154325309
8.39096154325309
8.39096154325309
8.39096154325309
8.39096154325309
8.39096154325309
