8.397117067654603
8.366845242560304
8.366845242560304
8.366845242560304
8.366845242560304
8.366845242560304
8.366845242560304
8.366845242560304
8.366845242560304
8.366845242560304
8.366845242560304
8.366845242560304
8.366845242560304
8.366845242560304
8.366845242560304
8.366845242560304
8.366845242560304
8.366845242560304
8.366845242560304
8.366845242560304
8.366845242560304
8.366845242560304
8.366845242560304
8.366845242560304
8.366845242560304
8.366845242560304
8.366845242560304
8.366845242560304
8.366845242560304
8.366845242560304
8.366845242560304
8.366845242560304
8.366845242560304
8.366845242560304
8.366845242560304
8.366845242560304
8.366845242560304
8.366845242560304
8.366845242560304
8.366845242560304
8.366845242560304
8.366845242560304
8.366845242560304
8.366845242560304
8.366845242560304
8.366845242560304
8.366845242560304
8.366845242560304
8.366845242560304
8.36661597872548
