8.439224254803413
8.399909935400817
8.399909935400817
8.399909935400817
8.399909935400817
8.399909935400817
8.399909935400817
8.399909935400817
8.399909935400817
8.399909935400817
8.399909935400817
8.399909935400817
8.397171228925945
8.39439857794926
8.394364633447449
8.394364633447449
8.394364633447449
8.394364633447449
8.394364633447449
8.394364633447449
8.394364633447449
8.394364633447449
8.394364633447449
8.394364633447449
8.393914807339545
8.393464981231642
8.393464981231642
8.393464981231642
8.393464981231642
8.393464981231642
8.393464981231642
8.393464981231642
8.393464981231642
8.393464981231642
8.393464981231642
8.393464981231642
8.393464981231642
8.393464981231642
8.393464981231642
8.393464981231642
8.386840436363268
8.380215891494897
8.380215891494897
8.380215891494897
8.380215891494897
8.380215891494897
8.380215891494897
8.380215891494897
8.380215891494897
8.380215891494897
8.380215891494897
8.380215891494897
8.380215891494897
8.380215891494897
8.380215891494897
8.380215891494897
8.380215891494897
8.380215891494897
8.380215891494897
8.380215891494897
8.380215891494897
8.380215891494897
8.380215891494897
8.380215891494897
8.380215891494897
8.380215891494897
8.380215891494897
8.380215891494897
8.380215891494897
8.380215891494897
8.380215891494897
8.380215891494897
8.380215891494897
8.380215891494897
8.380215891494897
8.380215891494897
8.380215891494897
8.380215891494897
8.380215891494897
8.380215891494897
8.380215891494897
8.380215891494897
8.380215891494897
8.380215891494897
8.380215891494897
8.380215891494897
8.380215891494897
8.380215891494897
8.380215891494897
8.380215891494897
8.377907766771752
8.375599642048607
8.375599642048607
8.375599642048607
8.375599642048607
8.375599642048607
8.375599642048607
8.375599642048607
8.375599642048607
8.375599642048607
