8.501918521520617
8.488207306710613
8.47832733720195
8.468447367693287
8.468447367693287
8.46797798700447
8.46797798700447
8.46797798700447
8.46797798700447
8.46797798700447
8.46797798700447
8.46797798700447
8.46797798700447
8.46797798700447
8.46797798700447
8.46797798700447
8.46797798700447
8.459386409396764
8.452516815377551
8.452516815377551
8.452516815377551
8.452516815377551
8.452516815377551
8.452516815377551
8.452516815377551
8.452516815377551
8.452516815377551
8.452516815377551
8.452516815377551
8.452516815377551
8.452516815377551
8.452516815377551
8.452516815377551
8.452516815377551
8.452516815377551
8.452516815377551
8.452516815377551
8.452516815377551
8.452516815377551
8.452516815377551
8.452516815377551
8.452516815377551
8.452516815377551
8.452516815377551
8.452516815377551
8.452516815377551
8.452516815377551
8.452516815377551
8.452516815377551
8.452516815377551
