9.53072176843148
9.526225654444394
9.525327547692974
9.524429440941557
9.524429440941557
9.524429440941557
9.524429440941557
9.524429440941557
9.524429440941557
9.524429440941557
9.524429440941557
9.524429440941557
9.524429440941557
9.524429440941557
9.524429440941557
9.524429440941557
9.524429440941557
9.524429440941557
9.524429440941557
9.523531705487642
9.522633970033727
9.522633970033727
9.522633970033727
9.522633970033727
9.522633970033727
9.522633970033727
9.522633970033727
9.522633970033727
9.522633970033727
9.522633970033727
9.522633970033727
9.522633970033727
9.522633970033727
9.522633970033727
9.522633970033727
9.522633970033727
9.522633970033727
9.522633970033727
9.522633970033727
9.522633970033727
9.522633970033727
9.522633970033727
9.522633970033727
9.522633970033727
9.522633970033727
9.522633970033727
9.522633970033727
9.522633970033727
9.522633970033727
9.522633970033727
