8.405008713399674
8.364574852681999
8.350825509091706
8.350825509091706
8.350825509091706
8.350825509091706
8.350825509091706
8.350825509091706
8.350825509091706
8.350825509091706
8.350825509091706
8.350825509091706
8.350825509091706
8.350825509091706
8.350825509091706
8.350825509091706
8.350825509091706
8.350825509091706
8.350825509091706
8.350825509091706
8.350825509091706
8.350825509091706
8.350825509091706
8.350825509091706
8.350825509091706
8.350825509091706
8.350825509091706
8.350825509091706
8.350825509091706
8.350825509091706
8.350825509091706
8.350825509091706
8.350825509091706
8.350825509091706
8.350825509091706
8.350825509091706
8.350825509091706
8.350825509091706
8.350825509091706
8.350825509091706
8.350825509091706
8.350825509091706
8.350825509091706
8.350825509091706
8.350825509091706
8.350825509091706
8.350825509091706
8.350825509091706
8.350825509091706
8.350825509091706
