8.394091259935381
8.367304319003951
8.364553088171828
8.364553088171828
8.364553088171828
8.364553088171828
8.364553088171828
8.363407615544372
8.35791484935377
8.353567555790626
8.353567555790626
8.353567555790626
8.353567555790626
8.353567555790626
8.353567555790626
8.353567555790626
8.353567555790626
8.353567555790626
8.353567555790626
8.353567555790626
8.353567555790626
8.353567555790626
8.353567555790626
8.353567555790626
8.353567555790626
8.353567555790626
8.353567555790626
8.353567555790626
8.353567555790626
8.353567555790626
8.353567555790626
8.353567555790626
8.353567555790626
8.353567555790626
8.353567555790626
8.353567555790626
8.353567555790626
8.353567555790626
8.353567555790626
8.353567555790626
8.353567555790626
8.353567555790626
8.353567555790626
8.353567555790626
8.352881935911379
8.352196316032131
8.352196316032131
8.352196316032131
8.352196316032131
8.352196316032131
8.352196316032131
8.352196316032131
8.352196316032131
8.352196316032131
8.352196316032131
8.352196316032131
8.352196316032131
8.352196316032131
8.352196316032131
8.352196316032131
8.352196316032131
8.352196316032131
8.352196316032131
8.352196316032131
8.352196316032131
8.352196316032131
8.352196316032131
8.352196316032131
8.352196316032131
8.352196316032131
8.352196316032131
8.352196316032131
8.352196316032131
8.352196316032131
8.352196316032131
8.352196316032131
8.352196316032131
8.352196316032131
8.352196316032131
8.351739356348308
8.351282396664484
8.351282396664484
8.351282396664484
8.351282396664484
8.351282396664484
8.351282396664484
8.351282396664484
8.351282396664484
8.351282396664484
8.351282396664484
8.351282396664484
8.351282396664484
8.351282396664484
8.351282396664484
8.351282396664484
8.351282396664484
8.351282396664484
8.351282396664484
8.351282396664484
8.351282396664484
8.351282396664484
8.351282396664484
8.351282396664484
8.351282396664484
8.351282396664484
8.351282396664484
8.351282396664484
8.351282396664484
8.351282396664484
8.351282396664484
8.351282396664484
8.351282396664484
8.351282396664484
8.351282396664484
8.351282396664484
8.351282396664484
8.351282396664484
8.351282396664484
8.351282396664484
8.351282396664484
8.351282396664484
8.351282396664484
8.351282396664484
8.351282396664484
8.351282396664484
8.351282396664484
8.351282396664484
8.351282396664484
8.351282396664484
8.351282396664484
8.351282396664484
8.351282396664484
8.351282396664484
8.351282396664484
8.351282396664484
8.351282396664484
8.351282396664484
8.351282396664484
8.351282396664484
8.351282396664484
8.351282396664484
8.351282396664484
8.351282396664484
8.351282396664484
8.351282396664484
8.351282396664484
8.351282396664484
8.351282396664484
8.351282396664484
8.351282396664484
