9.526225654444394
9.526225654444394
9.526225654444394
9.526225654444394
9.526225654444394
9.526225654444394
9.526225654444394
9.526225654444394
9.526225654444394
9.526225654444394
9.526225654444394
9.526225654444394
9.523532447775771
9.520839241107147
9.520839241107147
9.520839241107147
9.520839241107147
9.520839241107147
9.520839241107147
9.520839241107147
9.520839241107147
9.520839241107147
9.520839241107147
9.520839241107147
9.520839241107147
9.520839241107147
9.520839241107147
9.520839241107147
9.520839241107147
9.520839241107147
9.520839241107147
9.520839241107147
9.520839241107147
9.520839241107147
9.520839241107147
9.520839241107147
9.520839241107147
9.520839241107147
9.520839241107147
9.520839241107147
9.520839241107147
9.520839241107147
9.520839241107147
9.520839241107147
9.520839241107147
9.520839241107147
9.520839241107147
9.520839241107147
9.520839241107147
9.520839241107147
9.520839241107147
9.520839241107147
9.520839241107147
9.520839241107147
9.520839241107147
9.520839241107147
9.520839241107147
9.520839241107147
9.520839241107147
9.520839241107147
9.520839241107147
9.520839241107147
9.520839241107147
9.520839241107147
9.520839241107147
9.520839241107147
9.520839241107147
9.520839241107147
9.520839241107147
9.520839241107147
9.520839241107147
9.520839241107147
9.520839241107147
9.520839241107147
9.520839241107147
9.520839241107147
9.520839241107147
9.520839241107147
9.520839241107147
9.520839241107147
9.520839241107147
9.520839241107147
9.520839241107147
9.520839241107147
9.520839241107147
9.520839241107147
9.520839241107147
9.520839241107147
9.520839241107147
9.520839241107147
9.520839241107147
9.520839241107147
9.520839241107147
9.520839241107147
9.520839241107147
9.520839241107147
9.520839241107147
9.520839241107147
9.520839241107147
9.520839241107147
