30.609148056475295
30.67402638011074
30.68659957864886
30.70064461667933
30.727573732579796
30.727573732579796
30.727573732579796
30.73548374113994
30.76751850183509
30.791643253970097
30.791643253970097
30.791643253970097
30.791643253970097
30.791643253970097
30.791643253970097
30.791643253970097
30.791643253970097
30.791643253970097
30.791643253970097
30.791643253970097
30.791643253970097
30.791643253970097
30.791643253970097
30.791643253970097
30.791643253970097
30.791643253970097
30.791643253970097
30.791643253970097
30.791643253970097
30.791643253970097
30.791643253970097
30.791643253970097
30.791643253970097
30.791643253970097
30.791643253970097
30.791643253970097
30.791643253970097
30.791643253970097
30.791643253970097
30.791643253970097
30.791643253970097
30.791643253970097
30.791643253970097
30.791643253970097
30.791643253970097
30.791643253970097
30.791643253970097
30.791643253970097
30.791643253970097
30.791643253970097
