31.064128343371767
31.158545363357312
31.158545363357312
31.158545363357312
31.158545363357312
31.158545363357312
31.158545363357312
31.158545363357312
31.177267780878832
31.195990198400352
31.195990198400352
31.195990198400352
31.195990198400352
31.195990198400352
31.195990198400352
31.203888597358894
31.211786996317436
31.211786996317436
31.211786996317436
31.211786996317436
31.211786996317436
31.211786996317436
31.211786996317436
31.211786996317436
31.211786996317436
31.211786996317436
31.211786996317436
31.211786996317436
31.211786996317436
31.211786996317436
31.211786996317436
31.211786996317436
31.211786996317436
31.211786996317436
31.211786996317436
31.211786996317436
31.211786996317436
31.211786996317436
31.211786996317436
31.211786996317436
31.211786996317436
31.211786996317436
31.211786996317436
31.211786996317436
31.211786996317436
31.211786996317436
31.211786996317436
31.211786996317436
31.211786996317436
31.211786996317436
31.211786996317436
31.211786996317436
31.211786996317436
31.211786996317436
31.211786996317436
31.211786996317436
31.211786996317436
31.211786996317436
31.211786996317436
31.211786996317436
31.224414372996378
31.23704174967532
31.23704174967532
31.23704174967532
31.23704174967532
31.23704174967532
31.23704174967532
31.23704174967532
31.23704174967532
31.23704174967532
31.23704174967532
31.23704174967532
31.23704174967532
31.23704174967532
31.23704174967532
31.23704174967532
31.23704174967532
31.23704174967532
31.23704174967532
31.23704174967532
31.23704174967532
31.240478191750373
31.24501367611069
31.24501367611069
31.24501367611069
31.24501367611069
31.24501367611069
31.24501367611069
31.24501367611069
31.24501367611069
31.24501367611069
31.24501367611069
31.24501367611069
31.24501367611069
31.24501367611069
31.24501367611069
31.24501367611069
31.24501367611069
31.24501367611069
31.24501367611069
