30.647888523057446
30.746752794431107
30.74938430412822
30.752015813825334
30.752015813825334
30.752015813825334
30.752015813825334
30.752015813825334
30.752015813825334
30.752015813825334
30.752015813825334
30.766860624410814
30.781705434996294
30.781705434996294
30.781705434996294
30.781705434996294
30.781705434996294
30.781705434996294
30.781705434996294
30.781705434996294
30.781705434996294
30.781705434996294
30.781705434996294
30.781705434996294
30.781705434996294
30.781705434996294
30.781705434996294
30.781705434996294
30.781705434996294
30.781705434996294
30.781705434996294
30.800587807028815
30.818213762176537
30.818213762176537
30.818213762176537
30.818213762176537
30.818213762176537
30.818213762176537
30.818213762176537
30.818213762176537
30.818213762176537
30.818213762176537
30.818213762176537
30.818213762176537
30.818213762176537
30.818213762176537
30.818213762176537
30.818213762176537
30.818213762176537
30.818213762176537
