31.045429145053458
31.086289782879813
31.09112453697039
31.151506074917535
31.21188761286468
31.21188761286468
31.21188761286468
31.21188761286468
31.21188761286468
31.21188761286468
31.21188761286468
31.21188761286468
31.21188761286468
31.21188761286468
31.21188761286468
31.21188761286468
31.21188761286468
31.21188761286468
31.21188761286468
31.217661454729523
31.223435296594364
31.223435296594364
31.223435296594364
31.223435296594364
31.223435296594364
31.223435296594364
31.223435296594364
31.223435296594364
31.223435296594364
31.223435296594364
31.22947228942892
31.23550928226347
31.23550928226347
31.23550928226347
31.23550928226347
31.23550928226347
31.23550928226347
31.23550928226347
31.23550928226347
31.23550928226347
31.23550928226347
31.23550928226347
31.23550928226347
31.23550928226347
31.23550928226347
31.23550928226347
31.23550928226347
31.23550928226347
31.23550928226347
31.23550928226347
