30.97120509212606
31.232653320268664
31.232653320268664
31.232653320268664
31.232653320268664
31.232653320268664
31.232653320268664
31.232653320268664
31.232653320268664
31.23940236866832
31.246151417067974
31.246151417067974
31.246151417067974
31.246151417067974
31.246151417067974
31.246151417067974
31.246151417067974
31.246151417067974
31.246151417067974
31.246151417067974
31.246151417067974
31.246151417067974
31.246151417067974
31.246151417067974
31.246151417067974
31.246151417067974
31.246151417067974
31.246151417067974
31.246151417067974
31.246151417067974
31.246151417067974
31.246151417067974
31.246151417067974
31.246151417067974
31.246151417067974
31.246151417067974
31.246151417067974
31.246151417067974
31.246151417067974
31.246151417067974
31.246151417067974
31.246151417067974
31.246151417067974
31.246151417067974
31.246151417067974
31.246151417067974
31.25359317169672
31.26103492632547
31.26103492632547
31.26103492632547
