30.661303030725197
30.829428637326885
30.829428637326885
30.829428637326885
30.829428637326885
30.829428637326885
30.829428637326885
30.829428637326885
30.829428637326885
30.829428637326885
30.829428637326885
30.829428637326885
30.829428637326885
30.829428637326885
30.829428637326885
30.829428637326885
30.829428637326885
30.829428637326885
30.829428637326885
30.829428637326885
30.829428637326885
30.829428637326885
30.829428637326885
30.829428637326885
30.829428637326885
30.829428637326885
30.829428637326885
30.829428637326885
30.829428637326885
30.829428637326885
30.829428637326885
30.829428637326885
30.829428637326885
30.829428637326885
30.829428637326885
30.829428637326885
30.829428637326885
30.829428637326885
30.829428637326885
30.829428637326885
30.829428637326885
30.829428637326885
30.829428637326885
30.829428637326885
30.829428637326885
30.829428637326885
30.829428637326885
30.829428637326885
30.829428637326885
30.829428637326885
30.829428637326885
30.829428637326885
30.829428637326885
30.829428637326885
30.829428637326885
30.829428637326885
30.829428637326885
30.829428637326885
30.829428637326885
30.829428637326885
30.829428637326885
30.829428637326885
30.829428637326885
30.829428637326885
30.829428637326885
30.829428637326885
30.829428637326885
30.829428637326885
30.829428637326885
30.829428637326885
30.829428637326885
30.829428637326885
30.829428637326885
30.829428637326885
30.829428637326885
30.829428637326885
30.829428637326885
30.829428637326885
30.829428637326885
30.829428637326885
30.829428637326885
30.829428637326885
30.829428637326885
30.829428637326885
30.829428637326885
30.829428637326885
30.837234159472587
30.845039681618285
30.845039681618285
30.845039681618285
30.845039681618285
30.845039681618285
30.845039681618285
30.845039681618285
30.845039681618285
30.845039681618285
30.845039681618285
30.845039681618285
30.845039681618285
30.845039681618285
