31.059750233610984
31.140190583219947
31.161316188273684
31.17386229774139
31.17386229774139
31.17386229774139
31.204831555000357
31.274947098915355
31.31067758278807
31.31067758278807
31.31067758278807
31.31067758278807
31.31067758278807
31.31067758278807
31.31067758278807
31.31067758278807
31.31067758278807
31.31067758278807
31.31067758278807
31.31067758278807
31.31067758278807
31.31067758278807
31.31067758278807
31.31067758278807
31.31067758278807
31.31067758278807
31.31067758278807
31.31067758278807
31.31067758278807
31.31067758278807
31.31067758278807
31.31067758278807
31.31067758278807
31.31067758278807
31.31067758278807
31.31067758278807
31.31067758278807
31.31067758278807
31.31067758278807
31.31067758278807
31.31067758278807
31.31067758278807
31.31067758278807
31.31067758278807
31.31067758278807
31.31067758278807
31.31067758278807
31.31067758278807
31.31067758278807
31.31067758278807
31.31067758278807
31.31067758278807
31.31067758278807
31.31067758278807
31.31067758278807
31.31067758278807
31.31067758278807
31.31067758278807
31.31067758278807
31.31067758278807
31.31067758278807
31.31067758278807
31.31067758278807
31.31067758278807
31.31067758278807
31.31067758278807
31.31067758278807
31.31067758278807
31.31067758278807
31.31067758278807
31.31067758278807
31.31067758278807
31.31067758278807
31.31067758278807
31.31067758278807
31.31067758278807
31.31067758278807
31.31067758278807
31.31067758278807
31.31067758278807
31.31067758278807
31.31067758278807
31.31067758278807
31.31067758278807
31.31067758278807
31.31067758278807
31.31067758278807
31.31067758278807
31.31067758278807
31.31067758278807
31.31067758278807
31.31067758278807
31.31067758278807
31.31067758278807
31.31067758278807
31.31067758278807
31.31067758278807
31.31067758278807
31.31067758278807
31.31067758278807
31.31067758278807
31.31067758278807
31.31067758278807
31.31067758278807
31.31067758278807
31.31067758278807
31.31067758278807
31.31067758278807
31.31067758278807
31.31067758278807
31.31067758278807
31.31067758278807
31.31067758278807
31.31067758278807
31.31067758278807
31.31067758278807
31.31067758278807
31.31067758278807
31.31067758278807
31.31067758278807
31.31067758278807
31.31067758278807
31.31067758278807
31.31067758278807
31.31067758278807
31.31067758278807
31.31067758278807
31.31067758278807
31.31067758278807
31.31067758278807
31.31067758278807
31.31067758278807
31.31067758278807
31.31067758278807
31.31067758278807
31.31067758278807
31.31067758278807
31.31067758278807
31.31067758278807
31.31067758278807
31.31067758278807
31.31067758278807
31.31067758278807
31.31067758278807
31.31067758278807
31.31067758278807
31.31067758278807
31.31067758278807
31.31067758278807
31.31067758278807
