24.112891766006157
24.152305589481394
24.152305589481394
24.152305589481394
24.154604290599167
24.158079431346234
24.15925587097553
24.15925587097553
24.15925587097553
24.15925587097553
24.15925587097553
24.15925587097553
24.15925587097553
24.16270779251939
24.16615971406325
24.16717748913728
24.168195264211313
24.168195264211313
24.168195264211313
24.168195264211313
24.168195264211313
24.16937557370781
24.17055588320431
24.17055588320431
24.17055588320431
24.17055588320431
24.17055588320431
24.17055588320431
24.17055588320431
24.17055588320431
24.17055588320431
24.17055588320431
24.17055588320431
24.17055588320431
24.17055588320431
24.17055588320431
24.17055588320431
24.17055588320431
24.17055588320431
24.17055588320431
24.17055588320431
24.17055588320431
24.17055588320431
24.17055588320431
24.17055588320431
24.17055588320431
24.17055588320431
24.17055588320431
24.17055588320431
24.17055588320431
