30.83819775640579
30.947970409447432
31.02881193528963
31.02881193528963
31.02881193528963
31.02881193528963
31.02881193528963
31.02881193528963
31.02881193528963
31.02881193528963
31.02881193528963
31.02881193528963
31.02881193528963
31.02881193528963
31.02881193528963
31.02881193528963
31.02881193528963
31.02881193528963
31.02881193528963
31.02881193528963
31.02881193528963
31.02881193528963
31.02881193528963
31.02881193528963
31.02881193528963
31.02881193528963
31.02881193528963
31.02881193528963
31.02881193528963
31.02881193528963
31.02881193528963
31.02881193528963
31.02881193528963
31.02881193528963
31.02881193528963
31.02881193528963
31.02881193528963
31.02881193528963
31.02881193528963
31.02881193528963
31.02881193528963
31.02881193528963
31.02881193528963
31.02881193528963
31.02881193528963
31.02881193528963
31.02881193528963
31.02881193528963
31.02881193528963
31.02881193528963
31.02881193528963
31.02881193528963
31.02881193528963
31.02881193528963
31.02881193528963
31.02881193528963
31.02881193528963
31.02881193528963
31.02881193528963
31.02881193528963
31.02881193528963
31.02881193528963
31.02881193528963
31.02881193528963
31.02881193528963
31.02881193528963
31.02881193528963
31.02881193528963
31.02881193528963
31.02881193528963
31.02881193528963
31.02881193528963
31.02881193528963
31.02881193528963
31.02881193528963
31.02881193528963
31.02881193528963
31.02881193528963
31.02881193528963
31.02881193528963
31.02881193528963
31.02881193528963
31.02881193528963
31.02881193528963
31.02881193528963
31.02881193528963
31.02881193528963
31.02881193528963
31.02881193528963
31.02881193528963
31.02881193528963
31.02881193528963
31.02881193528963
31.02881193528963
31.02881193528963
31.02881193528963
31.02881193528963
31.02881193528963
31.02881193528963
31.02881193528963
