30.66531917890706
30.733572026742333
30.733572026742333
30.733572026742333
30.733572026742333
30.733572026742333
30.733572026742333
30.733572026742333
30.733572026742333
30.733572026742333
30.733572026742333
30.733572026742333
30.733572026742333
30.733572026742333
30.733572026742333
30.733572026742333
30.733572026742333
30.733572026742333
30.733572026742333
30.76606730163448
30.798562576526624
30.798562576526624
30.798562576526624
30.798562576526624
30.798562576526624
30.798562576526624
30.798562576526624
30.798562576526624
30.798562576526624
30.798562576526624
30.798562576526624
30.798562576526624
30.798562576526624
30.798562576526624
30.798562576526624
30.798562576526624
30.798562576526624
30.798562576526624
30.798562576526624
30.798562576526624
30.798562576526624
30.798562576526624
30.798562576526624
30.798562576526624
30.81027666454598
30.821990752565338
30.821990752565338
30.821990752565338
30.821990752565338
30.821990752565338
30.821990752565338
30.821990752565338
30.821990752565338
30.821990752565338
30.821990752565338
30.821990752565338
30.821990752565338
30.821990752565338
30.821990752565338
30.821990752565338
30.821990752565338
30.821990752565338
30.821990752565338
30.821990752565338
30.821990752565338
30.821990752565338
30.821990752565338
30.821990752565338
30.821990752565338
30.821990752565338
30.821990752565338
30.821990752565338
30.821990752565338
30.821990752565338
30.821990752565338
30.821990752565338
30.821990752565338
30.821990752565338
30.821990752565338
30.821990752565338
30.821990752565338
30.821990752565338
30.821990752565338
30.821990752565338
30.821990752565338
30.821990752565338
30.821990752565338
30.821990752565338
30.821990752565338
30.821990752565338
30.821990752565338
30.821990752565338
30.821990752565338
30.821990752565338
30.821990752565338
30.821990752565338
30.821990752565338
30.821990752565338
30.821990752565338
30.821990752565338
30.821990752565338
30.821990752565338
30.821990752565338
30.821990752565338
30.821990752565338
30.821990752565338
30.821990752565338
30.821990752565338
30.821990752565338
30.821990752565338
30.821990752565338
30.821990752565338
30.821990752565338
30.821990752565338
30.821990752565338
30.821990752565338
30.821990752565338
30.821990752565338
30.821990752565338
30.821990752565338
30.821990752565338
30.821990752565338
30.821990752565338
30.821990752565338
30.821990752565338
30.821990752565338
30.821990752565338
30.821990752565338
30.821990752565338
30.821990752565338
30.821990752565338
30.821990752565338
30.821990752565338
30.821990752565338
30.821990752565338
30.821990752565338
30.821990752565338
30.821990752565338
30.821990752565338
30.821990752565338
30.821990752565338
30.821990752565338
30.821990752565338
30.821990752565338
30.821990752565338
30.821990752565338
30.821990752565338
30.821990752565338
30.821990752565338
30.821990752565338
