24.10580371723964
24.1558736070413
24.1558736070413
24.1558736070413
24.16504519230918
24.174216777577062
24.174216777577062
24.174216777577062
24.174216777577062
24.174216777577062
24.174216777577062
24.174216777577062
24.174216777577062
24.174216777577062
24.174216777577062
24.174216777577062
24.174216777577062
24.174216777577062
24.174216777577062
24.174216777577062
24.174216777577062
24.174216777577062
24.174216777577062
24.174216777577062
24.174216777577062
24.174216777577062
24.174216777577062
24.174216777577062
24.174216777577062
24.174216777577062
24.174216777577062
24.174216777577062
24.174216777577062
24.174216777577062
24.174216777577062
24.174216777577062
24.174216777577062
24.174216777577062
24.174216777577062
24.174216777577062
24.174216777577062
24.174216777577062
24.174216777577062
24.174216777577062
24.17633746480356
24.178458152030057
24.178458152030057
24.178458152030057
24.178458152030057
24.178458152030057
