24.1180437202117
24.141279047868196
24.1447593484382
24.15867926076249
24.172599173086777
24.172599173086777
24.172599173086777
24.172599173086777
24.172599173086777
24.172599173086777
24.172599173086777
24.173017118744553
24.17343506440233
24.17343506440233
24.17343506440233
24.17343506440233
24.17343506440233
24.17343506440233
24.17343506440233
24.17343506440233
24.17343506440233
24.17343506440233
24.17343506440233
24.17343506440233
24.17343506440233
24.17343506440233
24.17343506440233
24.17343506440233
24.17343506440233
24.17343506440233
24.17343506440233
24.17343506440233
24.17343506440233
24.17343506440233
24.17343506440233
24.17343506440233
24.17343506440233
24.17343506440233
24.17343506440233
24.17343506440233
24.17343506440233
24.17343506440233
24.17343506440233
24.17343506440233
24.17343506440233
24.17343506440233
24.17343506440233
24.17343506440233
24.17343506440233
24.17343506440233
24.17343506440233
24.17343506440233
24.17343506440233
24.17343506440233
24.17343506440233
24.17343506440233
24.17343506440233
24.17343506440233
24.17343506440233
24.17343506440233
24.17343506440233
24.17343506440233
24.17343506440233
24.17343506440233
24.17343506440233
24.17343506440233
24.17343506440233
24.17343506440233
24.17343506440233
24.17343506440233
24.17343506440233
24.17343506440233
24.17343506440233
24.17343506440233
24.17343506440233
24.17343506440233
24.17343506440233
24.17343506440233
24.17343506440233
24.17343506440233
24.17343506440233
24.17343506440233
24.17343506440233
24.17343506440233
24.17343506440233
24.174112291162615
24.174789517922903
24.174789517922903
24.174789517922903
24.174789517922903
24.174789517922903
24.174789517922903
24.174789517922903
24.174789517922903
24.174789517922903
24.174789517922903
24.174789517922903
24.174789517922903
24.174789517922903
24.174789517922903
