30.671619322711322
30.743014502714328
30.743014502714328
30.74370720894342
30.74439991517251
30.74439991517251
30.74439991517251
30.74439991517251
30.74439991517251
30.74439991517251
30.74963971536353
30.754879515554546
30.754879515554546
30.754879515554546
30.754879515554546
30.754879515554546
30.754879515554546
30.754879515554546
30.754879515554546
30.754879515554546
30.754879515554546
30.754879515554546
30.754879515554546
30.754879515554546
30.754879515554546
30.754879515554546
30.754879515554546
30.754879515554546
30.754879515554546
30.759577534337332
30.76427555312012
30.76427555312012
30.76427555312012
30.76427555312012
30.76427555312012
30.76427555312012
30.76427555312012
30.76427555312012
30.76427555312012
30.76427555312012
30.76427555312012
30.76427555312012
30.76427555312012
30.76427555312012
30.76427555312012
30.780238755326874
30.796201957533626
30.796201957533626
30.796201957533626
30.796201957533626
30.796201957533626
30.796201957533626
30.796201957533626
30.796201957533626
30.796201957533626
30.796201957533626
30.796201957533626
30.796201957533626
30.796201957533626
30.796201957533626
30.796201957533626
30.796201957533626
30.796201957533626
30.796201957533626
30.796201957533626
30.796201957533626
30.796201957533626
30.796201957533626
30.796201957533626
30.796201957533626
30.796201957533626
30.796201957533626
30.796201957533626
30.796201957533626
30.796201957533626
30.796201957533626
30.796201957533626
30.796201957533626
30.796201957533626
30.796201957533626
30.796201957533626
30.796201957533626
30.796201957533626
30.796201957533626
30.796201957533626
30.796201957533626
30.796201957533626
30.796201957533626
30.796201957533626
30.796201957533626
30.796201957533626
30.796201957533626
30.796201957533626
30.796201957533626
30.796201957533626
30.796201957533626
30.796201957533626
30.796201957533626
30.796201957533626
30.796201957533626
30.796201957533626
30.796201957533626
30.796201957533626
30.796201957533626
30.796201957533626
30.796201957533626
30.796201957533626
30.796201957533626
30.796201957533626
30.796201957533626
30.796201957533626
30.796201957533626
30.80136823024781
30.806534502962
30.806534502962
30.806534502962
30.806534502962
30.806534502962
30.806534502962
30.806534502962
30.806534502962
30.806534502962
30.806534502962
30.806534502962
30.806534502962
30.806534502962
30.806534502962
30.806534502962
30.806534502962
30.806534502962
30.806534502962
30.806534502962
30.806534502962
30.806534502962
30.806534502962
30.806534502962
30.82195205389332
30.83736960482464
30.83736960482464
30.83736960482464
30.83736960482464
30.83736960482464
30.83736960482464
30.83736960482464
30.83736960482464
30.83736960482464
30.83736960482464
30.83736960482464
30.83736960482464
30.83736960482464
30.83736960482464
30.83736960482464
30.83736960482464
30.83736960482464
30.83736960482464
30.83736960482464
30.83736960482464
30.83736960482464
30.83736960482464
30.83736960482464
30.83736960482464
30.83736960482464
30.83736960482464
30.83736960482464
30.83736960482464
30.83736960482464
30.83736960482464
30.83736960482464
30.83736960482464
30.83736960482464
30.83736960482464
30.83736960482464
30.83736960482464
30.83736960482464
30.83736960482464
30.83736960482464
30.83736960482464
30.83736960482464
30.83736960482464
30.83736960482464
30.83736960482464
30.83736960482464
30.83736960482464
30.83736960482464
30.83736960482464
30.83736960482464
30.83736960482464
30.83736960482464
30.83736960482464
30.83736960482464
30.83736960482464
30.83736960482464
30.83736960482464
30.83736960482464
30.83736960482464
30.83736960482464
30.83736960482464
30.83736960482464
30.83736960482464
30.83736960482464
