24.131365738053333
24.156991998662576
24.158505116738418
24.162324675666433
24.165099370450005
24.165099370450005
24.16516515819243
24.16634546768893
24.167459989443003
24.167459989443003
24.167459989443003
24.167459989443003
24.167459989443003
24.167459989443003
24.167459989443003
24.167459989443003
24.167459989443003
24.167459989443003
24.167459989443003
24.167459989443003
24.167459989443003
24.167459989443003
24.167459989443003
24.167459989443003
24.167459989443003
24.167459989443003
24.167459989443003
24.167459989443003
24.167459989443003
24.167459989443003
24.167459989443003
24.167459989443003
24.167459989443003
24.167459989443003
24.167459989443003
24.167459989443003
24.167459989443003
24.167459989443003
24.167459989443003
24.167459989443003
24.167459989443003
24.169116292605302
24.170772595767605
24.170772595767605
24.170772595767605
24.170772595767605
24.170772595767605
24.170772595767605
24.170772595767605
24.170772595767605
24.170772595767605
24.170772595767605
24.170772595767605
24.170772595767605
24.170772595767605
24.170772595767605
24.170772595767605
24.170772595767605
24.17263013202439
24.174487668281177
24.174487668281177
24.174487668281177
24.174487668281177
24.174487668281177
24.174487668281177
24.174487668281177
24.174487668281177
24.174487668281177
24.174487668281177
24.174487668281177
24.174487668281177
24.174487668281177
24.174487668281177
24.174487668281177
24.174487668281177
24.174487668281177
24.174487668281177
24.174487668281177
24.174487668281177
24.174487668281177
24.174487668281177
24.174487668281177
24.174487668281177
24.174487668281177
24.174487668281177
24.174487668281177
24.174487668281177
24.174487668281177
24.174487668281177
24.174487668281177
24.174487668281177
24.174487668281177
24.174487668281177
24.174487668281177
24.174487668281177
24.174487668281177
24.174487668281177
24.174487668281177
24.174487668281177
24.174487668281177
24.174487668281177
24.174487668281177
24.174487668281177
24.174487668281177
24.174487668281177
24.174487668281177
24.174487668281177
24.174487668281177
24.174487668281177
24.174487668281177
24.174487668281177
24.174487668281177
24.174487668281177
24.174487668281177
24.174487668281177
24.174487668281177
24.174487668281177
24.174487668281177
24.174487668281177
24.174487668281177
24.174487668281177
24.174487668281177
24.174487668281177
24.174487668281177
24.174487668281177
24.174487668281177
24.174487668281177
24.174487668281177
24.174487668281177
24.174487668281177
24.174487668281177
24.174487668281177
24.174487668281177
24.174487668281177
24.174487668281177
24.174487668281177
24.174487668281177
24.174487668281177
24.174487668281177
24.174487668281177
24.174487668281177
24.174487668281177
24.174487668281177
24.174487668281177
24.174487668281177
24.174487668281177
24.174487668281177
24.174487668281177
24.174487668281177
24.174487668281177
