30.803856554858466
30.872856287063655
30.872856287063655
30.892685486604844
30.912514686146032
30.912514686146032
30.912514686146032
30.912514686146032
30.92359798581152
30.93468128547701
30.93468128547701
30.93468128547701
30.93468128547701
30.93468128547701
30.93468128547701
30.93468128547701
30.93468128547701
30.93468128547701
30.93468128547701
30.93468128547701
30.93468128547701
31.0147952762853
31.0147952762853
31.0147952762853
31.0147952762853
31.0147952762853
31.0147952762853
31.0147952762853
31.0147952762853
31.0147952762853
31.0147952762853
31.0147952762853
31.0147952762853
31.0147952762853
31.0147952762853
31.0147952762853
31.0147952762853
31.0147952762853
31.0147952762853
31.0147952762853
31.0147952762853
31.0147952762853
31.0147952762853
31.0147952762853
31.0147952762853
31.0147952762853
31.0147952762853
31.0147952762853
31.0147952762853
31.0147952762853
