24.12062685656879
24.153502668402435
24.159863440126188
24.160045323884667
24.161601010499723
24.163156697114783
24.163156697114783
24.165973960437576
24.165973960437576
24.165973960437576
24.165973960437576
24.165973960437576
24.165973960437576
24.165973960437576
24.167696051342304
24.169418142247032
24.169418142247032
24.169418142247032
24.169418142247032
24.169418142247032
24.169418142247032
24.169418142247032
24.169418142247032
24.169418142247032
24.169418142247032
24.169418142247032
24.169418142247032
24.169418142247032
24.169418142247032
24.169418142247032
24.169418142247032
24.169418142247032
24.169418142247032
24.169418142247032
24.169418142247032
24.169418142247032
24.169418142247032
24.169418142247032
24.169418142247032
24.169418142247032
24.169418142247032
24.169418142247032
24.169418142247032
24.169418142247032
24.169418142247032
24.169418142247032
24.169418142247032
24.169418142247032
24.169418142247032
24.169418142247032
24.169418142247032
24.169418142247032
24.169418142247032
24.169418142247032
24.169418142247032
24.169418142247032
24.169418142247032
24.169418142247032
24.169418142247032
24.169418142247032
24.169418142247032
24.169418142247032
24.169418142247032
24.169418142247032
24.169418142247032
24.169418142247032
24.169418142247032
24.17151948013752
24.17362081802801
24.17362081802801
24.17362081802801
24.17362081802801
24.17362081802801
24.17362081802801
24.17362081802801
24.17362081802801
24.17362081802801
24.17362081802801
24.17362081802801
24.17362081802801
24.17362081802801
24.17362081802801
24.17362081802801
24.17362081802801
24.17362081802801
24.17362081802801
24.17362081802801
24.17362081802801
24.17362081802801
24.17362081802801
24.17362081802801
24.17362081802801
24.17362081802801
24.17362081802801
24.17362081802801
24.17362081802801
24.17362081802801
24.17362081802801
24.17362081802801
24.17362081802801
