30.631481060095943
30.688286840748773
30.693665956159048
30.693665956159048
30.693665956159048
30.71217553098448
30.73068510580991
30.73068510580991
30.73068510580991
30.73068510580991
30.73068510580991
30.73068510580991
30.73068510580991
30.756724152253994
30.780211666256463
30.780211666256463
30.780211666256463
30.780211666256463
30.780211666256463
30.780211666256463
30.780211666256463
30.780211666256463
30.78749088646274
30.79477010666902
30.79477010666902
30.79477010666902
30.79477010666902
30.79477010666902
30.79477010666902
30.79477010666902
30.79477010666902
30.79477010666902
30.79477010666902
30.79477010666902
30.79477010666902
30.79477010666902
30.79477010666902
30.79477010666902
30.79477010666902
30.79477010666902
30.79477010666902
30.79477010666902
30.79477010666902
30.79477010666902
30.79477010666902
30.795346716882065
30.79592332709511
30.79592332709511
30.79592332709511
30.79592332709511
30.801766826569583
30.807610326044053
30.807610326044053
30.807610326044053
30.807610326044053
30.807610326044053
30.807610326044053
30.807610326044053
30.807610326044053
30.807610326044053
30.807610326044053
30.807610326044053
30.807610326044053
30.807610326044053
30.807610326044053
30.807610326044053
30.807610326044053
30.807610326044053
30.807610326044053
30.807610326044053
30.807610326044053
30.807610326044053
30.807610326044053
30.807610326044053
30.807610326044053
30.807610326044053
30.807610326044053
30.807610326044053
30.807610326044053
30.807610326044053
30.807610326044053
30.807610326044053
30.807610326044053
30.807610326044053
30.807610326044053
30.807610326044053
30.807610326044053
30.807610326044053
30.807610326044053
30.807610326044053
30.807610326044053
30.807610326044053
30.807610326044053
30.807610326044053
30.807610326044053
30.807610326044053
30.807610326044053
30.807610326044053
30.807610326044053
30.807610326044053
30.807610326044053
30.807610326044053
30.807610326044053
30.807610326044053
30.807610326044053
30.807610326044053
30.807610326044053
30.807610326044053
30.807610326044053
30.807610326044053
30.807610326044053
30.807610326044053
30.807610326044053
30.807610326044053
30.807610326044053
30.807610326044053
30.807610326044053
30.807610326044053
30.807610326044053
30.807610326044053
30.807610326044053
30.807610326044053
30.807610326044053
30.807610326044053
30.807610326044053
30.807610326044053
30.807610326044053
30.807610326044053
30.807610326044053
30.807610326044053
30.807610326044053
30.807610326044053
30.807610326044053
30.807610326044053
30.807610326044053
30.807610326044053
30.807610326044053
30.807610326044053
30.807610326044053
30.807610326044053
30.807610326044053
30.807610326044053
30.807610326044053
30.807610326044053
30.807610326044053
30.807610326044053
30.807610326044053
30.807610326044053
30.807610326044053
30.807610326044053
