30.84781050653466
30.90141590701174
30.955021307488813
30.955021307488813
30.955021307488813
30.955021307488813
30.955021307488813
30.955021307488813
30.955021307488813
30.955021307488813
30.955021307488813
30.955021307488813
30.955021307488813
30.955021307488813
30.955021307488813
30.955021307488813
30.955021307488813
30.955021307488813
30.955021307488813
30.955021307488813
30.955021307488813
30.955021307488813
30.955021307488813
30.955021307488813
30.955021307488813
30.955021307488813
30.955021307488813
30.955021307488813
30.955021307488813
30.955021307488813
30.955021307488813
30.955021307488813
30.964668886422494
30.974316465356175
30.974316465356175
30.974316465356175
30.974316465356175
30.974316465356175
30.974316465356175
30.974316465356175
30.974316465356175
30.974316465356175
30.974316465356175
30.974316465356175
30.974316465356175
30.974316465356175
30.974316465356175
30.974316465356175
30.974316465356175
30.974316465356175
30.974316465356175
30.974316465356175
30.974316465356175
30.974316465356175
30.974316465356175
30.974316465356175
30.974316465356175
30.974316465356175
30.974316465356175
30.974316465356175
30.974316465356175
30.974316465356175
30.974316465356175
30.974316465356175
30.974316465356175
30.974316465356175
30.974316465356175
30.974316465356175
30.974316465356175
30.974316465356175
30.974316465356175
30.974316465356175
30.974316465356175
30.974316465356175
30.974316465356175
30.974316465356175
30.974316465356175
30.974316465356175
30.986843225487874
30.999369985619573
30.999369985619573
30.999369985619573
30.999369985619573
30.999369985619573
30.999369985619573
30.999369985619573
30.999369985619573
30.999369985619573
30.999369985619573
30.999369985619573
30.999369985619573
30.999369985619573
30.999369985619573
30.999369985619573
30.999369985619573
30.999369985619573
30.999369985619573
30.999369985619573
30.999369985619573
30.999369985619573
30.999369985619573
30.999369985619573
30.999369985619573
30.999369985619573
30.999369985619573
30.999369985619573
30.999369985619573
30.999369985619573
30.999369985619573
30.999369985619573
30.999369985619573
30.999369985619573
30.999369985619573
30.999369985619573
30.999369985619573
30.999369985619573
30.999369985619573
30.999369985619573
30.999369985619573
30.999369985619573
30.999369985619573
30.999369985619573
30.999369985619573
30.999369985619573
30.999369985619573
30.999369985619573
30.999369985619573
30.999369985619573
30.999369985619573
30.999369985619573
30.999369985619573
30.999369985619573
30.999369985619573
30.999369985619573
30.999369985619573
30.999369985619573
30.999369985619573
30.999369985619573
30.999369985619573
30.999369985619573
30.999369985619573
30.999369985619573
30.999369985619573
30.999369985619573
30.999369985619573
30.999369985619573
30.999369985619573
30.999369985619573
30.999369985619573
30.999369985619573
