24.152967336772875
24.157955595595784
24.157955595595784
24.157955595595784
24.158791486911337
24.15962737822689
24.15962737822689
24.15962737822689
24.15962737822689
24.15962737822689
24.15962737822689
24.15962737822689
24.15962737822689
24.15962737822689
24.159712515305326
24.159797652383762
24.159797652383762
24.159797652383762
24.159797652383762
24.159797652383762
24.159797652383762
24.159797652383762
24.159797652383762
24.159797652383762
24.162022826024703
24.164247999665644
24.16589269322634
24.167537386787036
24.167537386787036
24.167537386787036
24.167537386787036
24.16763800333428
24.167738619881522
24.167738619881522
24.167738619881522
24.167738619881522
24.167738619881522
24.167738619881522
24.167738619881522
24.167738619881522
24.167738619881522
24.167738619881522
24.167738619881522
24.167738619881522
24.167738619881522
24.167738619881522
24.167738619881522
24.171229240097396
24.174719860313274
24.174719860313274
24.174719860313274
24.174719860313274
24.174719860313274
24.174719860313274
24.174719860313274
24.174719860313274
24.174719860313274
24.174719860313274
24.174719860313274
24.174719860313274
24.174719860313274
24.174719860313274
24.174719860313274
24.174719860313274
24.174719860313274
24.174719860313274
24.174719860313274
24.174719860313274
24.174719860313274
24.174719860313274
24.174719860313274
24.174719860313274
24.174719860313274
24.174719860313274
24.174719860313274
24.174719860313274
24.174719860313274
24.174719860313274
24.174719860313274
24.174719860313274
24.174719860313274
24.174719860313274
24.174719860313274
24.174719860313274
24.174719860313274
24.174719860313274
24.174719860313274
24.174719860313274
24.174719860313274
24.174719860313274
24.174719860313274
24.174719860313274
24.174719860313274
24.174719860313274
24.174719860313274
24.174719860313274
24.174719860313274
24.174719860313274
24.174719860313274
24.174719860313274
24.174719860313274
24.174719860313274
24.174719860313274
24.174719860313274
24.174719860313274
24.174719860313274
24.174719860313274
24.174719860313274
24.174719860313274
24.174719860313274
24.174719860313274
24.174719860313274
24.174719860313274
24.174719860313274
24.174719860313274
24.174719860313274
24.174719860313274
24.174719860313274
24.174719860313274
24.174719860313274
24.174719860313274
24.174719860313274
24.174719860313274
24.174719860313274
24.174719860313274
24.174719860313274
24.174719860313274
24.174719860313274
24.174719860313274
24.174719860313274
24.174719860313274
24.174719860313274
24.174719860313274
24.174719860313274
24.174719860313274
24.174719860313274
24.174719860313274
24.174719860313274
24.174719860313274
24.174719860313274
24.174719860313274
24.174719860313274
24.174719860313274
24.174719860313274
24.174719860313274
24.174719860313274
24.174719860313274
24.174719860313274
24.174719860313274
24.174719860313274
24.174719860313274
24.174719860313274
24.174719860313274
24.174719860313274
24.174719860313274
24.174719860313274
24.174719860313274
24.174719860313274
24.174719860313274
24.174719860313274
24.174719860313274
24.174719860313274
24.174719860313274
24.174719860313274
24.174719860313274
24.174719860313274
24.174719860313274
24.174719860313274
24.174719860313274
24.174719860313274
24.174719860313274
24.174719860313274
24.174719860313274
24.174719860313274
24.174719860313274
24.174719860313274
24.174719860313274
24.174719860313274
24.174719860313274
24.174719860313274
24.174719860313274
24.174719860313274
24.174719860313274
24.174719860313274
24.174719860313274
24.174719860313274
24.174719860313274
24.174719860313274
24.174719860313274
24.174719860313274
24.174719860313274
24.174719860313274
24.174719860313274
24.174719860313274
24.174719860313274
24.174719860313274
24.174719860313274
24.174719860313274
24.174719860313274
24.174719860313274
