24.130360862536644
24.15629929243348
24.15629929243348
24.15629929243348
24.162003476688696
24.167707660943908
24.167707660943908
24.167707660943908
24.167707660943908
24.168055948992055
24.168404237040203
24.168404237040203
24.168404237040203
24.168404237040203
24.168404237040203
24.168404237040203
24.168404237040203
24.168404237040203
24.168404237040203
24.168404237040203
24.169069854198884
24.169069854198884
24.169069854198884
24.169069854198884
24.169069854198884
24.169069854198884
24.169069854198884
24.169069854198884
24.169069854198884
24.169069854198884
24.169069854198884
24.169069854198884
24.169069854198884
24.169069854198884
24.169069854198884
24.169069854198884
24.169069854198884
24.169069854198884
24.169069854198884
24.169069854198884
24.169069854198884
24.169069854198884
24.169069854198884
24.169069854198884
24.169069854198884
24.169069854198884
24.169541977997483
24.170014101796085
24.170014101796085
24.170014101796085
24.170014101796085
24.170014101796085
24.170014101796085
24.170014101796085
24.170014101796085
24.170014101796085
24.170014101796085
24.170014101796085
24.170014101796085
24.170014101796085
24.170014101796085
24.170014101796085
24.170014101796085
24.170014101796085
24.170014101796085
24.170014101796085
24.170014101796085
24.170014101796085
24.170014101796085
24.170014101796085
24.170014101796085
24.170014101796085
24.170014101796085
24.170014101796085
24.170014101796085
24.170014101796085
24.170014101796085
24.170014101796085
24.170014101796085
24.170014101796085
24.170014101796085
24.170014101796085
24.170014101796085
24.170014101796085
24.170014101796085
24.170014101796085
24.170014101796085
24.170014101796085
24.170014101796085
24.170014101796085
24.170014101796085
24.170014101796085
24.170014101796085
24.170014101796085
24.170014101796085
24.170014101796085
24.170014101796085
24.170014101796085
24.170014101796085
24.170014101796085
