24.121321497731486
24.157204841358666
24.161523613155694
24.165842384952718
24.165842384952718
24.16712331099646
24.168427456243414
24.16845067544662
24.16845067544662
24.16845067544662
24.168593860533083
24.17130276757423
24.173868489528914
24.173868489528914
24.173868489528914
24.173868489528914
24.173868489528914
24.173868489528914
24.173868489528914
24.173868489528914
24.173868489528914
24.173868489528914
24.173868489528914
24.173868489528914
24.173868489528914
24.173868489528914
24.173868489528914
24.173868489528914
24.173868489528914
24.173868489528914
24.173868489528914
24.173868489528914
24.173868489528914
24.173868489528914
24.173868489528914
24.173868489528914
24.173868489528914
24.173868489528914
24.173868489528914
24.173868489528914
24.173868489528914
24.173868489528914
24.173868489528914
24.173868489528914
24.173868489528914
24.173868489528914
24.173868489528914
24.173868489528914
24.173868489528914
24.173868489528914
