30.659806553078326
30.7197875597701
30.724289505281337
30.727086129312386
30.727086129312386
30.727086129312386
30.727086129312386
30.727086129312386
30.727086129312386
30.727086129312386
30.727086129312386
30.727086129312386
30.727086129312386
30.727086129312386
30.727086129312386
30.727086129312386
30.727086129312386
30.73052257138744
30.733959013462496
30.751423724143486
30.768888434824472
30.768888434824472
30.768888434824472
30.768888434824472
30.768888434824472
30.768888434824472
30.768888434824472
30.768888434824472
30.768888434824472
30.789240066437884
30.809591698051292
30.809591698051292
30.809591698051292
30.809591698051292
30.809591698051292
30.809591698051292
30.809591698051292
30.809591698051292
30.809591698051292
30.809591698051292
30.809591698051292
30.809591698051292
30.809591698051292
30.809591698051292
30.809591698051292
30.809591698051292
30.809591698051292
30.809591698051292
30.809591698051292
30.809591698051292
