24.107051362425448
24.143149483682322
24.155502099789945
24.155502099789945
24.155502099789945
24.155502099789945
24.155502099789945
24.155502099789945
24.155502099789945
24.155502099789945
24.155502099789945
24.155502099789945
24.164534369838567
24.169874786576823
24.169874786576823
24.169874786576823
24.169874786576823
24.169874786576823
24.169874786576823
24.169874786576823
24.169874786576823
24.169874786576823
24.169874786576823
24.169874786576823
24.169874786576823
24.169874786576823
24.169874786576823
24.169874786576823
24.169874786576823
24.169874786576823
24.169874786576823
24.169874786576823
24.169874786576823
24.169874786576823
24.169874786576823
24.169874786576823
24.169874786576823
24.169874786576823
24.169874786576823
24.169874786576823
24.169874786576823
24.172212186366615
24.174549586156402
24.174549586156402
24.174549586156402
24.174549586156402
24.174549586156402
24.174549586156402
24.174549586156402
24.174549586156402
