30.82481575562253
30.82481575562253
30.82481575562253
30.8524001690358
30.87998458244907
30.87998458244907
30.87998458244907
30.87998458244907
30.87998458244907
30.87998458244907
30.87998458244907
30.87998458244907
30.87998458244907
30.87998458244907
30.87998458244907
30.87998458244907
30.87998458244907
30.87998458244907
30.87998458244907
30.87998458244907
30.903784265739137
30.927583949029206
30.927583949029206
30.927583949029206
30.927583949029206
30.927583949029206
30.927583949029206
30.927583949029206
30.927583949029206
30.927583949029206
30.927583949029206
30.927583949029206
30.927583949029206
30.927583949029206
30.927583949029206
30.927583949029206
30.927583949029206
30.927583949029206
30.944437220692336
30.961290492355467
30.961290492355467
30.961290492355467
30.961290492355467
30.961290492355467
30.961290492355467
30.961290492355467
30.961290492355467
30.961290492355467
30.961290492355467
30.961290492355467
