24.113351506229716
24.126787685153797
24.126787685153797
24.126787685153797
24.127685494344576
24.128583303535358
24.14631503505326
24.14631503505326
24.157986554533394
24.157986554533394
24.157986554533394
24.161481044616473
24.164975534699554
24.164975534699554
24.164975534699554
24.164975534699554
24.164975534699554
24.164975534699554
24.164975534699554
24.164975534699554
24.164975534699554
24.164975534699554
24.164975534699554
24.164975534699554
24.164975534699554
24.164975534699554
24.164975534699554
24.164975534699554
24.164975534699554
24.164975534699554
24.164975534699554
24.164975534699554
24.164975534699554
24.164975534699554
24.164975534699554
24.164975534699554
24.164975534699554
24.164975534699554
24.164975534699554
24.164975534699554
24.164975534699554
24.164975534699554
24.164975534699554
24.164975534699554
24.164975534699554
24.164975534699554
24.164975534699554
24.164975534699554
24.164975534699554
24.164975534699554
24.164975534699554
24.164975534699554
24.164975534699554
24.164975534699554
24.164975534699554
24.164975534699554
24.164975534699554
24.164975534699554
24.164975534699554
24.164975534699554
24.164975534699554
24.164975534699554
24.164975534699554
24.164975534699554
24.164975534699554
24.164975534699554
24.164975534699554
24.164975534699554
24.164975534699554
24.164975534699554
24.170296602101804
24.175617669504053
24.175617669504053
24.175617669504053
24.175617669504053
24.175617669504053
24.175617669504053
24.175617669504053
24.175617669504053
24.175617669504053
24.175617669504053
24.175617669504053
24.175617669504053
24.175617669504053
24.175617669504053
24.175617669504053
24.175617669504053
24.175617669504053
24.175617669504053
24.175617669504053
24.175617669504053
24.175617669504053
24.175617669504053
24.175617669504053
24.175617669504053
24.175617669504053
24.175617669504053
24.175617669504053
24.175617669504053
24.175617669504053
24.175617669504053
24.175617669504053
24.175617669504053
24.175617669504053
24.175617669504053
24.175617669504053
24.175617669504053
24.175617669504053
24.175617669504053
24.175617669504053
24.175617669504053
24.175617669504053
24.175617669504053
24.175617669504053
24.175617669504053
24.175617669504053
24.175617669504053
24.175617669504053
24.175617669504053
24.175617669504053
24.175617669504053
24.175617669504053
24.175617669504053
24.175617669504053
24.175617669504053
24.175617669504053
24.175617669504053
24.175617669504053
24.175617669504053
24.175617669504053
24.175617669504053
24.175617669504053
24.175617669504053
24.175617669504053
24.175617669504053
24.175617669504053
24.175617669504053
24.175617669504053
24.175617669504053
24.175617669504053
24.175617669504053
24.175617669504053
24.175617669504053
24.175617669504053
24.175617669504053
24.175617669504053
24.175617669504053
24.175617669504053
24.175617669504053
24.175617669504053
