30.604825414811067
30.69976486686883
30.69976486686883
30.69976486686883
30.709362137528892
30.71895940818895
30.71895940818895
30.71895940818895
30.721594787753265
30.72423016731758
30.72423016731758
30.72423016731758
30.72423016731758
30.72423016731758
30.72423016731758
30.72423016731758
30.72423016731758
30.72423016731758
30.72423016731758
30.72423016731758
30.72423016731758
30.72423016731758
30.72423016731758
30.72423016731758
30.72423016731758
30.72423016731758
30.72423016731758
30.72423016731758
30.72423016731758
30.72423016731758
30.72423016731758
30.72423016731758
30.72423016731758
30.72423016731758
30.72423016731758
30.72423016731758
30.72423016731758
30.72423016731758
30.72423016731758
30.728877877826747
30.73352558833591
30.73352558833591
30.73352558833591
30.73352558833591
30.767557200507106
30.801588812678304
30.801588812678304
30.801588812678304
30.801588812678304
30.801588812678304
