31.052283969823293
31.156892930062213
31.17965161907504
31.20383054935087
31.20383054935087
31.20383054935087
31.20383054935087
31.20383054935087
31.20383054935087
31.20383054935087
31.20383054935087
31.20383054935087
31.20383054935087
31.25786550508733
31.31190046082379
31.31190046082379
31.31190046082379
31.31190046082379
31.31190046082379
31.31190046082379
31.31190046082379
31.31190046082379
31.31190046082379
31.31190046082379
31.31190046082379
31.31190046082379
31.31190046082379
31.31190046082379
31.31190046082379
31.31190046082379
31.31190046082379
31.31190046082379
31.31190046082379
31.31190046082379
31.31190046082379
31.31190046082379
31.31190046082379
31.31190046082379
31.31190046082379
31.31190046082379
31.31190046082379
31.31190046082379
31.31190046082379
31.31190046082379
31.31190046082379
31.31190046082379
31.31190046082379
31.31190046082379
31.31190046082379
31.31190046082379
31.31190046082379
31.31190046082379
31.31190046082379
31.31190046082379
31.31190046082379
31.31190046082379
31.31190046082379
31.31190046082379
31.31190046082379
31.31190046082379
31.31190046082379
31.31190046082379
31.31190046082379
31.31190046082379
31.31190046082379
31.31190046082379
31.31190046082379
31.31190046082379
31.31190046082379
31.31190046082379
31.31190046082379
31.31190046082379
31.31190046082379
31.31190046082379
31.31190046082379
31.31190046082379
31.31190046082379
31.31190046082379
31.31190046082379
31.31190046082379
31.31190046082379
31.31190046082379
31.31190046082379
31.31190046082379
31.31190046082379
31.31190046082379
31.31190046082379
31.31190046082379
31.31190046082379
31.31190046082379
31.31190046082379
31.31190046082379
31.31190046082379
31.31190046082379
31.31190046082379
31.31190046082379
31.31190046082379
31.31190046082379
31.31190046082379
31.31190046082379
