31.081310553747038
31.14353027861496
31.14353027861496
31.14353027861496
31.14353027861496
31.14353027861496
31.14353027861496
31.14353027861496
31.14353027861496
31.14353027861496
31.14353027861496
31.14353027861496
31.14353027861496
31.14353027861496
31.14353027861496
31.14353027861496
31.14353027861496
31.14353027861496
31.14353027861496
31.14353027861496
31.14353027861496
31.14353027861496
31.14353027861496
31.14353027861496
31.14353027861496
31.14353027861496
31.14353027861496
31.161845070124574
31.22030844389544
31.26687842579994
31.26687842579994
31.26687842579994
31.26687842579994
31.26687842579994
31.26687842579994
31.26687842579994
31.26687842579994
31.26687842579994
31.26687842579994
31.26687842579994
31.26687842579994
31.26687842579994
31.26687842579994
31.26687842579994
31.26687842579994
31.26687842579994
31.26687842579994
31.26687842579994
31.26687842579994
31.26687842579994
31.26687842579994
31.26687842579994
31.26687842579994
31.26687842579994
31.26687842579994
31.26687842579994
31.26687842579994
31.26687842579994
31.26687842579994
31.26687842579994
31.26687842579994
31.26687842579994
31.26687842579994
31.26687842579994
31.26687842579994
31.26687842579994
31.26687842579994
31.26687842579994
31.26687842579994
31.26687842579994
31.26687842579994
31.26687842579994
31.26687842579994
31.26687842579994
31.26687842579994
31.26687842579994
31.26687842579994
31.26687842579994
31.26687842579994
31.26687842579994
31.26687842579994
31.26687842579994
31.26687842579994
31.26687842579994
31.26687842579994
31.26687842579994
31.26687842579994
31.26687842579994
31.26687842579994
31.26687842579994
31.26687842579994
31.26687842579994
31.26687842579994
31.26687842579994
31.26687842579994
31.26687842579994
31.26687842579994
31.26687842579994
31.26687842579994
31.26687842579994
