30.737557989960017
30.737557989960017
30.737557989960017
30.737557989960017
30.76105582360836
30.784553657256698
30.784553657256698
30.784553657256698
30.784553657256698
30.784553657256698
30.784553657256698
30.784553657256698
30.784553657256698
30.784553657256698
30.784553657256698
30.784553657256698
30.784553657256698
30.784553657256698
30.784553657256698
30.784553657256698
30.784553657256698
30.784553657256698
30.784553657256698
30.784553657256698
30.784553657256698
30.784553657256698
30.784553657256698
30.784553657256698
30.784553657256698
30.784553657256698
30.784553657256698
30.784553657256698
30.784553657256698
30.784553657256698
30.784553657256698
30.784553657256698
30.784553657256698
30.784553657256698
30.784553657256698
30.784553657256698
30.784553657256698
30.784553657256698
30.784553657256698
30.784553657256698
30.784553657256698
30.784553657256698
30.784553657256698
30.784553657256698
30.784553657256698
30.784553657256698
30.784553657256698
30.784553657256698
30.784553657256698
30.784553657256698
30.784553657256698
30.784553657256698
30.784553657256698
30.784553657256698
30.784553657256698
30.784553657256698
30.784553657256698
30.784553657256698
30.784553657256698
30.784553657256698
30.784553657256698
30.784553657256698
30.784553657256698
30.784553657256698
30.784553657256698
30.784553657256698
30.784553657256698
30.784553657256698
30.784553657256698
30.784553657256698
30.784553657256698
30.784553657256698
30.784553657256698
30.784553657256698
30.784553657256698
30.784553657256698
30.784553657256698
30.784553657256698
30.784553657256698
30.784553657256698
30.784553657256698
30.784553657256698
30.784553657256698
30.784553657256698
30.784553657256698
30.784553657256698
30.784553657256698
30.784553657256698
30.784553657256698
30.784553657256698
30.784553657256698
30.784553657256698
30.784553657256698
30.784553657256698
30.784553657256698
30.784553657256698
