30.831704119241447
30.831704119241447
30.8318318248591
30.86397623179163
30.901826112935108
30.901826112935108
30.901826112935108
30.901826112935108
30.9204827427142
30.939139372493294
30.939139372493294
30.939139372493294
30.939139372493294
30.939139372493294
30.939139372493294
30.939139372493294
30.939139372493294
30.939139372493294
30.939139372493294
30.939139372493294
30.939139372493294
30.939139372493294
30.939139372493294
30.939139372493294
30.939139372493294
30.939139372493294
30.939139372493294
30.939139372493294
30.939139372493294
30.939139372493294
30.939139372493294
30.939139372493294
30.939139372493294
30.939139372493294
30.939139372493294
30.939139372493294
30.939139372493294
30.939139372493294
30.939139372493294
30.939139372493294
30.939139372493294
30.939139372493294
30.939139372493294
30.939139372493294
30.939139372493294
30.939139372493294
30.939139372493294
30.939139372493294
30.939139372493294
30.939139372493294
30.939139372493294
30.939139372493294
30.939139372493294
30.939139372493294
30.94753698432085
30.94753698432085
30.94753698432085
30.94753698432085
30.94753698432085
30.94753698432085
30.94753698432085
30.94753698432085
30.94753698432085
30.94753698432085
30.94753698432085
30.95579528092914
30.964053577537435
30.964053577537435
30.964053577537435
30.964053577537435
30.964053577537435
30.964053577537435
30.964053577537435
30.964053577537435
30.964053577537435
30.964053577537435
30.964053577537435
30.964053577537435
30.964053577537435
30.964053577537435
30.964053577537435
30.964053577537435
30.964053577537435
30.964053577537435
30.964053577537435
30.964053577537435
30.964053577537435
30.964053577537435
30.964053577537435
30.964053577537435
30.964053577537435
30.964053577537435
30.964053577537435
30.964053577537435
30.964053577537435
30.964053577537435
30.964053577537435
30.964053577537435
30.964053577537435
30.964053577537435
30.964053577537435
30.964053577537435
30.964053577537435
30.964053577537435
30.964053577537435
30.964053577537435
30.964053577537435
30.964053577537435
30.964053577537435
30.964053577537435
30.964053577537435
30.964053577537435
30.964053577537435
30.964053577537435
30.964053577537435
30.964053577537435
30.964053577537435
30.964053577537435
30.964053577537435
30.964053577537435
30.964053577537435
30.964053577537435
30.964053577537435
30.964053577537435
30.964053577537435
30.99639792760872
30.99639792760872
30.99639792760872
30.99639792760872
30.99639792760872
30.99639792760872
30.99639792760872
30.99639792760872
30.99639792760872
30.99639792760872
30.99639792760872
30.99639792760872
30.99639792760872
30.99639792760872
30.99639792760872
30.99639792760872
30.99639792760872
30.99639792760872
30.99639792760872
30.99639792760872
30.99639792760872
30.99639792760872
30.99639792760872
30.99639792760872
30.99639792760872
30.99639792760872
30.99639792760872
30.99639792760872
30.99639792760872
30.99639792760872
30.99639792760872
30.99639792760872
30.99639792760872
30.99639792760872
30.99639792760872
30.99639792760872
30.99639792760872
30.99639792760872
30.99639792760872
30.99639792760872
30.99639792760872
30.99639792760872
30.99639792760872
30.99639792760872
30.99639792760872
30.99639792760872
30.99639792760872
30.99639792760872
30.99639792760872
30.99639792760872
30.99639792760872
30.99639792760872
30.99639792760872
30.99639792760872
30.99639792760872
30.99639792760872
30.99639792760872
30.99639792760872
30.99639792760872
30.99639792760872
30.99639792760872
30.99639792760872
30.99639792760872
30.99639792760872
30.99639792760872
30.99639792760872
30.99639792760872
30.99639792760872
30.99639792760872
30.99639792760872
30.99639792760872
30.99639792760872
30.99639792760872
30.99994659583262
31.00349526405652
