30.718835572438497
30.80935950601919
30.80935950601919
30.835008985831642
30.860658465644093
30.860658465644093
30.88339780532091
30.906137144997732
30.906137144997732
30.906137144997732
30.906137144997732
30.906137144997732
30.906137144997732
30.906137144997732
30.906137144997732
30.906137144997732
30.907491598518305
30.90884605203888
30.90884605203888
30.90884605203888
30.90884605203888
30.90884605203888
30.90884605203888
30.90884605203888
30.911365335587146
30.913884619135413
30.913884619135413
30.91418646877714
30.91418646877714
30.91418646877714
30.91418646877714
30.91418646877714
30.91418646877714
30.91418646877714
30.91418646877714
30.91418646877714
30.91418646877714
30.91418646877714
30.91418646877714
30.91418646877714
30.91418646877714
30.91643486162129
30.918683254465442
30.918683254465442
30.918683254465442
30.918683254465442
30.918683254465442
30.927703914912456
30.936724575359474
30.936724575359474
30.936724575359474
30.936724575359474
30.936724575359474
30.936724575359474
30.936724575359474
30.936724575359474
30.944340474012293
30.951956372665116
30.951956372665116
30.951956372665116
30.951956372665116
30.951956372665116
30.951956372665116
30.951956372665116
30.951956372665116
30.951956372665116
30.951956372665116
30.951956372665116
30.951956372665116
30.951956372665116
30.951956372665116
30.951956372665116
30.951956372665116
30.951956372665116
30.951956372665116
30.951956372665116
30.951956372665116
30.951956372665116
30.951956372665116
30.951956372665116
30.951956372665116
30.951956372665116
30.951956372665116
30.951956372665116
30.951956372665116
30.951956372665116
30.951956372665116
30.951956372665116
30.951956372665116
30.951956372665116
30.951956372665116
30.951956372665116
30.951956372665116
30.951956372665116
30.951956372665116
30.951956372665116
30.951956372665116
30.951956372665116
30.951956372665116
30.951956372665116
