31.05007814551836
31.11877473812609
31.12031881513954
31.12031881513954
31.14199007146871
31.172144076703866
31.172144076703866
31.172144076703866
31.172144076703866
31.172144076703866
31.172144076703866
31.172144076703866
31.172144076703866
31.172144076703866
31.185591865229554
31.199039653755243
31.199039653755243
31.199039653755243
31.199039653755243
31.199039653755243
31.199039653755243
31.209735966700567
31.209735966700567
31.209735966700567
31.209735966700567
31.209735966700567
31.209735966700567
31.209735966700567
31.209735966700567
31.209735966700567
31.209735966700567
31.21127617384682
31.212816380993072
31.212816380993072
31.212816380993072
31.212816380993072
31.212816380993072
31.212816380993072
31.212816380993072
31.212816380993072
31.212816380993072
31.212816380993072
31.212816380993072
31.212816380993072
31.212816380993072
31.212816380993072
31.212816380993072
31.212816380993072
31.212816380993072
31.212816380993072
