30.96543125026122
31.115458261934286
31.140733654583908
31.168630237284777
31.168630237284777
31.168630237284777
31.168630237284777
31.168630237284777
31.168630237284777
31.168630237284777
31.23586144017882
31.303092643072862
31.303092643072862
31.303092643072862
31.303092643072862
31.303092643072862
31.303092643072862
31.303092643072862
31.303092643072862
31.303092643072862
31.303092643072862
31.303092643072862
31.303092643072862
31.303092643072862
31.303092643072862
31.303092643072862
31.303092643072862
31.303092643072862
31.303092643072862
31.303092643072862
31.303092643072862
31.303092643072862
31.303092643072862
31.303092643072862
31.303092643072862
31.303092643072862
31.303092643072862
31.303092643072862
31.303092643072862
31.303092643072862
31.303092643072862
31.303092643072862
31.303092643072862
31.303092643072862
31.303092643072862
31.303092643072862
31.303092643072862
31.303092643072862
31.303092643072862
31.303092643072862
