30.682066674200012
30.791438151008414
30.842152760685863
30.919666200734657
30.95851192770469
30.95851192770469
30.95851192770469
30.95851192770469
30.95851192770469
30.95851192770469
30.95851192770469
30.95851192770469
30.95851192770469
30.95851192770469
30.95851192770469
30.95851192770469
30.95851192770469
30.95851192770469
30.95851192770469
30.95851192770469
30.95851192770469
30.95851192770469
30.95851192770469
30.95851192770469
30.95851192770469
30.95851192770469
30.95851192770469
30.95851192770469
30.95851192770469
30.95851192770469
30.95851192770469
30.963449878253982
30.96838782880327
30.96838782880327
30.96838782880327
30.96838782880327
30.96838782880327
30.96838782880327
30.96838782880327
30.96838782880327
30.96838782880327
30.96838782880327
30.96838782880327
30.96838782880327
30.96838782880327
30.96838782880327
30.96838782880327
30.96838782880327
30.96838782880327
30.96838782880327
30.96838782880327
30.96838782880327
30.96838782880327
30.96838782880327
30.990740181759925
30.990740181759925
30.990740181759925
30.990740181759925
30.990740181759925
30.990740181759925
30.990740181759925
30.990740181759925
30.990740181759925
30.990740181759925
30.990740181759925
30.990740181759925
30.990740181759925
30.990740181759925
30.990740181759925
30.990740181759925
30.990740181759925
30.990740181759925
30.990740181759925
30.990740181759925
30.990740181759925
30.990740181759925
30.990740181759925
30.990740181759925
30.990740181759925
30.990740181759925
30.990740181759925
30.990740181759925
30.990740181759925
30.990740181759925
30.990740181759925
30.990740181759925
30.990740181759925
30.990740181759925
30.990740181759925
30.990740181759925
30.990740181759925
30.990740181759925
30.990740181759925
30.990740181759925
30.990740181759925
30.990740181759925
30.990740181759925
30.990740181759925
30.990740181759925
30.990740181759925
30.990740181759925
30.990740181759925
30.990740181759925
30.990740181759925
30.990740181759925
30.990740181759925
30.990740181759925
30.990740181759925
30.990740181759925
30.990740181759925
30.990740181759925
30.990740181759925
30.990740181759925
30.990740181759925
30.990740181759925
30.990740181759925
30.990740181759925
30.990740181759925
30.990740181759925
30.990740181759925
30.990740181759925
30.990740181759925
30.990740181759925
30.990740181759925
30.990740181759925
30.990740181759925
30.990740181759925
30.990740181759925
30.990740181759925
30.990740181759925
30.990740181759925
30.990740181759925
30.990740181759925
30.990740181759925
30.990740181759925
30.990740181759925
30.990740181759925
30.990740181759925
30.990740181759925
30.990740181759925
30.990740181759925
30.990740181759925
30.990740181759925
30.990740181759925
30.990740181759925
30.990740181759925
30.990740181759925
30.990740181759925
30.990740181759925
30.990740181759925
