24.120040571687742
24.13811865632019
24.13811865632019
24.13811865632019
24.13811865632019
24.140750166017305
24.140750166017305
24.140750166017305
24.140750166017305
24.148222879583663
24.155695593150025
24.155695593150025
24.158427719394382
24.16115984563874
24.16115984563874
24.16115984563874
24.16115984563874
24.16115984563874
24.16115984563874
24.16115984563874
24.16115984563874
24.16115984563874
24.164015807633547
24.166871769628354
24.166871769628354
24.166871769628354
24.166871769628354
24.166871769628354
24.166871769628354
24.166871769628354
24.166871769628354
24.166871769628354
24.166871769628354
24.166871769628354
24.166871769628354
24.166871769628354
24.166871769628354
24.166871769628354
24.166871769628354
24.166871769628354
24.166871769628354
24.166871769628354
24.166871769628354
24.166871769628354
24.166871769628354
24.166871769628354
24.166871769628354
24.166871769628354
24.166871769628354
24.166871769628354
