31.12215700206032
31.173661064646907
31.222792898638893
31.222792898638893
31.222792898638893
31.222792898638893
31.222792898638893
31.222792898638893
31.222792898638893
31.222792898638893
31.222792898638893
31.222792898638893
31.222792898638893
31.222792898638893
31.222792898638893
31.222792898638893
31.222792898638893
31.222792898638893
31.222792898638893
31.222792898638893
31.222792898638893
31.222792898638893
31.222792898638893
31.268116783304464
31.31344066797004
31.31344066797004
31.31344066797004
31.31344066797004
31.31344066797004
31.31344066797004
31.31344066797004
31.31344066797004
31.31344066797004
31.31344066797004
31.31344066797004
31.31344066797004
31.31344066797004
31.31344066797004
31.31344066797004
31.31344066797004
31.31344066797004
31.31344066797004
31.31344066797004
31.31344066797004
31.31344066797004
31.31344066797004
31.31344066797004
31.31344066797004
31.31344066797004
31.31344066797004
31.31344066797004
31.31344066797004
31.31344066797004
31.31344066797004
31.31344066797004
31.31344066797004
31.31344066797004
31.31344066797004
31.31344066797004
31.31344066797004
31.31344066797004
31.31344066797004
31.31344066797004
31.31344066797004
31.31344066797004
31.31344066797004
31.31344066797004
31.31344066797004
31.31344066797004
31.31344066797004
31.31344066797004
31.31344066797004
31.31344066797004
31.31344066797004
31.31344066797004
31.31344066797004
31.31344066797004
31.31344066797004
31.31344066797004
31.31344066797004
31.31344066797004
31.31344066797004
31.31344066797004
31.31344066797004
31.31344066797004
31.31344066797004
31.31344066797004
31.31344066797004
31.31344066797004
31.31344066797004
31.31344066797004
31.31344066797004
31.31344066797004
31.31344066797004
31.31344066797004
31.31344066797004
31.31344066797004
31.31344066797004
31.31344066797004
31.31344066797004
31.31344066797004
31.31344066797004
31.31344066797004
31.31344066797004
31.31344066797004
31.31344066797004
31.31344066797004
31.31344066797004
31.31344066797004
31.31344066797004
31.31344066797004
31.31344066797004
31.31344066797004
31.31344066797004
31.31344066797004
31.31344066797004
31.31344066797004
31.31344066797004
31.31344066797004
31.31344066797004
31.31344066797004
31.31344066797004
31.31344066797004
31.31344066797004
31.31344066797004
31.31344066797004
31.31344066797004
31.31344066797004
31.31344066797004
31.31344066797004
31.31344066797004
31.31344066797004
31.31344066797004
31.31344066797004
31.31344066797004
31.31344066797004
31.31344066797004
31.31344066797004
31.31344066797004
31.31344066797004
31.31344066797004
31.31344066797004
31.31344066797004
31.31344066797004
31.31344066797004
31.31344066797004
31.31344066797004
31.31344066797004
31.31344066797004
31.31344066797004
