30.900902504629652
31.02434610853894
31.02434610853894
31.02434610853894
31.02434610853894
31.02434610853894
31.02434610853894
31.02434610853894
31.02434610853894
31.02434610853894
31.02434610853894
31.02434610853894
31.02434610853894
31.02434610853894
31.02434610853894
31.02434610853894
31.02434610853894
31.02434610853894
31.02434610853894
31.02434610853894
31.02434610853894
31.02434610853894
31.02434610853894
31.02434610853894
31.02434610853894
31.02434610853894
31.02434610853894
31.02434610853894
31.02434610853894
31.02434610853894
31.02434610853894
31.02434610853894
31.02434610853894
31.02434610853894
31.02434610853894
31.02434610853894
31.02434610853894
31.02434610853894
31.02434610853894
31.02434610853894
31.02434610853894
31.02434610853894
31.02434610853894
31.02434610853894
31.02434610853894
31.02434610853894
31.02434610853894
31.02434610853894
31.02434610853894
31.02434610853894
31.02434610853894
31.02434610853894
31.02434610853894
31.02434610853894
31.02434610853894
31.02434610853894
31.02434610853894
31.02434610853894
31.02434610853894
31.035417798602822
31.046489488666708
31.046489488666708
31.046489488666708
31.046489488666708
31.046489488666708
31.046489488666708
31.046489488666708
31.046489488666708
31.046489488666708
31.046489488666708
31.046489488666708
31.046489488666708
31.046489488666708
31.046489488666708
31.046489488666708
31.046489488666708
31.046489488666708
31.046489488666708
31.046489488666708
31.046489488666708
31.046489488666708
31.046489488666708
31.046489488666708
31.046489488666708
31.046489488666708
31.046489488666708
31.046489488666708
31.046489488666708
31.046489488666708
31.046489488666708
31.046489488666708
31.046489488666708
31.046489488666708
31.046489488666708
31.046489488666708
31.046489488666708
31.046489488666708
31.046489488666708
31.046489488666708
31.046489488666708
31.046489488666708
31.046489488666708
31.046489488666708
31.046489488666708
31.046489488666708
31.046489488666708
31.046489488666708
31.046489488666708
31.046489488666708
31.046489488666708
31.046489488666708
31.046489488666708
31.046489488666708
31.046489488666708
31.046489488666708
31.046489488666708
31.046489488666708
31.046489488666708
31.046489488666708
31.046489488666708
31.046489488666708
31.046489488666708
31.046489488666708
31.046489488666708
31.046489488666708
31.046489488666708
31.046489488666708
31.046489488666708
31.046489488666708
31.046489488666708
31.046489488666708
31.046489488666708
31.046489488666708
31.046489488666708
31.046489488666708
31.046489488666708
31.046489488666708
31.046489488666708
31.046489488666708
31.046489488666708
31.046489488666708
31.046489488666708
31.046489488666708
31.046489488666708
31.046489488666708
31.046489488666708
31.046489488666708
31.046489488666708
31.046489488666708
31.046489488666708
