30.611740867500394
30.711831112803534
30.711831112803534
30.765749972523942
30.819668832244353
30.819668832244353
30.819668832244353
30.819668832244353
30.819668832244353
30.819668832244353
30.819668832244353
30.819668832244353
30.819668832244353
30.819668832244353
30.819668832244353
30.819668832244353
30.819668832244353
30.819668832244353
30.819668832244353
30.819668832244353
30.819668832244353
30.819668832244353
30.819668832244353
30.819668832244353
30.819668832244353
30.819668832244353
30.819668832244353
30.819668832244353
30.819668832244353
30.819668832244353
30.819668832244353
30.819668832244353
30.819668832244353
30.819668832244353
30.819668832244353
30.819668832244353
30.819668832244353
30.819668832244353
30.819668832244353
30.819668832244353
30.819668832244353
30.819668832244353
30.819668832244353
30.819668832244353
30.819668832244353
30.819668832244353
30.819668832244353
30.840833135970108
30.861997439695863
30.861997439695863
30.861997439695863
30.861997439695863
30.861997439695863
30.861997439695863
30.861997439695863
30.861997439695863
30.861997439695863
30.861997439695863
30.861997439695863
30.861997439695863
30.861997439695863
30.861997439695863
30.861997439695863
30.861997439695863
30.861997439695863
30.861997439695863
30.861997439695863
30.861997439695863
30.861997439695863
30.861997439695863
30.861997439695863
30.861997439695863
30.861997439695863
30.861997439695863
30.861997439695863
30.861997439695863
30.861997439695863
30.861997439695863
30.861997439695863
30.861997439695863
30.861997439695863
30.861997439695863
30.861997439695863
30.861997439695863
30.861997439695863
30.861997439695863
30.861997439695863
30.861997439695863
30.861997439695863
30.861997439695863
30.861997439695863
30.861997439695863
30.861997439695863
30.861997439695863
30.861997439695863
30.861997439695863
30.861997439695863
30.861997439695863
30.861997439695863
30.861997439695863
30.861997439695863
30.861997439695863
30.861997439695863
30.861997439695863
30.861997439695863
30.861997439695863
30.861997439695863
30.861997439695863
30.861997439695863
30.861997439695863
30.861997439695863
30.861997439695863
30.861997439695863
30.861997439695863
30.861997439695863
30.861997439695863
30.861997439695863
30.861997439695863
30.861997439695863
30.861997439695863
30.861997439695863
30.861997439695863
30.861997439695863
30.861997439695863
30.861997439695863
30.861997439695863
30.861997439695863
30.861997439695863
30.861997439695863
30.861997439695863
30.861997439695863
30.861997439695863
30.861997439695863
30.861997439695863
30.861997439695863
30.861997439695863
30.861997439695863
30.861997439695863
30.861997439695863
30.861997439695863
30.861997439695863
30.861997439695863
30.861997439695863
30.861997439695863
30.861997439695863
30.861997439695863
30.861997439695863
30.861997439695863
30.861997439695863
30.861997439695863
