30.78803460280457
30.871749505043987
30.871749505043987
30.879636294400925
30.88752308375786
30.88842476281584
30.889326441873823
30.889326441873823
30.889326441873823
30.89224819161106
30.895169941348293
30.895169941348293
30.895169941348293
30.92208873760288
30.94900753385747
30.94900753385747
30.94900753385747
30.94900753385747
30.94900753385747
30.94900753385747
30.94900753385747
30.94900753385747
30.94900753385747
30.98182013786015
31.014632741862833
31.014632741862833
31.014632741862833
31.014632741862833
31.014632741862833
31.014632741862833
31.014632741862833
31.014632741862833
31.014632741862833
31.014632741862833
31.014632741862833
31.014632741862833
31.014632741862833
31.014632741862833
31.014632741862833
31.014632741862833
31.014632741862833
31.014632741862833
31.014632741862833
31.014632741862833
31.014632741862833
31.014632741862833
31.014632741862833
31.014632741862833
31.014632741862833
31.014632741862833
31.014632741862833
31.014632741862833
31.014632741862833
31.014632741862833
31.014632741862833
31.014632741862833
31.014632741862833
31.014632741862833
31.014632741862833
31.014632741862833
31.014632741862833
31.014632741862833
31.014632741862833
31.014632741862833
31.014632741862833
31.014632741862833
31.014632741862833
31.014632741862833
31.014632741862833
31.014632741862833
31.014632741862833
31.014632741862833
31.014632741862833
31.014632741862833
31.014632741862833
31.014632741862833
31.014632741862833
31.014632741862833
31.014632741862833
31.014632741862833
31.014632741862833
31.014632741862833
31.014632741862833
31.014632741862833
31.014632741862833
31.014632741862833
31.014632741862833
31.014632741862833
31.014632741862833
31.014632741862833
31.014632741862833
31.014632741862833
31.014632741862833
31.014632741862833
31.014632741862833
31.014632741862833
31.014632741862833
31.014632741862833
31.014632741862833
31.014632741862833
