24.122783662555836
24.145435285242755
24.152568740451105
24.16068514192867
24.170958349393285
24.170958349393285
24.170958349393285
24.170958349393285
24.170958349393285
24.170958349393285
24.170958349393285
24.170958349393285
24.170958349393285
24.170958349393285
24.170958349393285
24.170958349393285
24.170958349393285
24.170958349393285
24.170958349393285
24.170958349393285
24.170958349393285
24.170958349393285
24.170958349393285
24.170958349393285
24.170958349393285
24.170958349393285
24.170958349393285
24.170958349393285
24.172425029062705
24.173891708732125
24.173891708732125
24.173891708732125
24.173891708732125
24.173891708732125
24.173891708732125
24.173891708732125
24.173891708732125
24.173891708732125
24.173891708732125
24.173891708732125
24.173891708732125
24.173891708732125
24.173891708732125
24.173891708732125
24.173891708732125
24.173891708732125
24.173891708732125
24.173891708732125
24.173891708732125
24.173891708732125
24.173891708732125
24.173891708732125
24.173891708732125
24.173891708732125
24.173891708732125
24.173891708732125
24.173891708732125
24.173891708732125
24.173891708732125
24.17498688115019
24.17608205356825
24.17608205356825
24.17608205356825
24.17608205356825
24.17608205356825
24.17608205356825
24.17608205356825
24.17608205356825
24.17608205356825
24.17608205356825
24.17608205356825
24.17608205356825
24.17608205356825
24.17608205356825
24.17608205356825
24.176113012505866
24.176143971443476
24.176143971443476
24.176143971443476
24.176143971443476
24.176143971443476
24.176143971443476
24.176143971443476
24.176143971443476
24.176143971443476
24.176143971443476
24.176143971443476
24.176143971443476
24.176143971443476
24.176143971443476
24.176143971443476
24.176143971443476
24.176143971443476
24.176143971443476
24.176143971443476
24.176143971443476
24.176143971443476
24.176143971443476
24.176143971443476
24.176143971443476
24.176143971443476
24.176143971443476
24.176143971443476
24.176143971443476
24.176143971443476
24.176143971443476
24.176143971443476
24.176143971443476
24.176143971443476
24.176143971443476
24.176143971443476
24.176143971443476
24.176143971443476
24.176143971443476
24.176143971443476
24.176143971443476
24.176143971443476
24.176143971443476
24.176143971443476
24.176143971443476
24.176143971443476
24.176143971443476
24.176143971443476
24.176143971443476
24.176143971443476
24.176143971443476
24.176143971443476
24.176143971443476
24.176143971443476
24.176143971443476
24.176143971443476
24.176143971443476
24.176143971443476
24.176143971443476
24.176143971443476
24.176143971443476
24.176143971443476
24.176143971443476
24.176143971443476
24.176143971443476
24.176143971443476
24.176143971443476
24.176143971443476
24.176143971443476
24.176143971443476
24.176143971443476
24.176143971443476
24.176143971443476
24.176143971443476
24.176143971443476
