24.122577269638416
24.159379706725986
24.166519611713007
24.173659516700027
24.173659516700027
24.173659516700027
24.173659516700027
24.173659516700027
24.173659516700027
24.173659516700027
24.173659516700027
24.173659516700027
24.173659516700027
24.173659516700027
24.173659516700027
24.173659516700027
24.173659516700027
24.173659516700027
24.173659516700027
24.173659516700027
24.173659516700027
24.173659516700027
24.173659516700027
24.173659516700027
24.173659516700027
24.173659516700027
24.173659516700027
24.173659516700027
24.173659516700027
24.173659516700027
24.173659516700027
24.173659516700027
24.173659516700027
24.173659516700027
24.173659516700027
24.173659516700027
24.173659516700027
24.173659516700027
24.173659516700027
24.173659516700027
24.173659516700027
24.173659516700027
24.173659516700027
24.173659516700027
24.173659516700027
24.173659516700027
24.173659516700027
24.173659516700027
24.173659516700027
24.173659516700027
