30.622579591558736
30.688600299992107
30.708920972667904
30.708920972667904
30.708920972667904
30.708920972667904
30.708920972667904
30.708920972667904
30.708920972667904
30.714067896046082
30.71921481942426
30.71921481942426
30.71921481942426
30.725843901940664
30.73247298445707
30.73247298445707
30.73247298445707
30.73247298445707
30.73247298445707
30.73247298445707
30.73247298445707
30.73247298445707
30.73247298445707
30.73247298445707
30.73247298445707
30.73247298445707
30.73247298445707
30.73247298445707
30.73247298445707
30.73247298445707
30.73247298445707
30.73247298445707
30.73247298445707
30.73247298445707
30.73247298445707
30.73247298445707
30.73247298445707
30.793736852126184
30.8550007197953
30.8550007197953
30.8550007197953
30.8550007197953
30.8550007197953
30.8550007197953
30.8550007197953
30.8550007197953
30.8550007197953
30.8550007197953
30.8550007197953
30.8550007197953
