30.72772852726786
30.91971263914108
30.941685745111975
30.96365885108287
30.971123824914827
30.978588798746785
30.978588798746785
30.978588798746785
30.978588798746785
30.978588798746785
30.978588798746785
30.978588798746785
30.978588798746785
30.978588798746785
30.978588798746785
30.978588798746785
30.978588798746785
30.978588798746785
30.978588798746785
30.978588798746785
30.978588798746785
30.978588798746785
30.978588798746785
30.978588798746785
30.978588798746785
30.978588798746785
30.978588798746785
30.978588798746785
30.978588798746785
30.978588798746785
30.995554296558762
31.01251979437074
31.01251979437074
31.01251979437074
31.01251979437074
31.01251979437074
31.01251979437074
31.01251979437074
31.01251979437074
31.01251979437074
31.01251979437074
31.01251979437074
31.01251979437074
31.01251979437074
31.01251979437074
31.01251979437074
31.01251979437074
31.01251979437074
31.01251979437074
31.01251979437074
