30.657937794206653
30.741497514771282
30.76074623423223
30.77734796452725
30.77734796452725
30.77734796452725
30.77734796452725
30.77734796452725
30.785993247855707
30.794638531184166
30.794638531184166
30.794638531184166
30.794638531184166
30.794638531184166
30.794638531184166
30.794638531184166
30.794638531184166
30.794638531184166
30.794638531184166
30.794638531184166
30.794638531184166
30.794638531184166
30.794638531184166
30.794638531184166
30.794638531184166
30.794638531184166
30.794638531184166
30.794638531184166
30.794638531184166
30.794638531184166
30.794638531184166
30.794638531184166
30.794638531184166
30.794638531184166
30.794638531184166
30.794638531184166
30.794638531184166
30.794638531184166
30.794638531184166
30.794638531184166
30.79596976550153
30.79730099981889
30.79730099981889
30.79730099981889
30.79730099981889
30.79730099981889
30.79730099981889
30.79730099981889
30.79730099981889
30.79730099981889
30.79730099981889
30.79730099981889
30.79730099981889
30.79730099981889
30.79730099981889
30.79730099981889
30.79730099981889
30.79730099981889
30.79730099981889
30.79730099981889
30.79730099981889
30.79730099981889
30.79730099981889
30.79730099981889
30.79730099981889
30.79730099981889
30.79730099981889
30.79730099981889
30.79730099981889
30.79730099981889
30.79730099981889
30.79730099981889
30.79730099981889
30.79730099981889
30.79730099981889
30.79730099981889
30.79730099981889
30.79730099981889
30.79730099981889
30.79730099981889
30.79730099981889
30.79730099981889
30.79730099981889
30.79730099981889
30.79730099981889
30.79730099981889
30.79730099981889
30.79730099981889
30.79730099981889
30.79730099981889
30.79730099981889
30.79730099981889
30.79730099981889
30.79730099981889
30.79730099981889
30.79730099981889
30.79730099981889
30.79730099981889
30.79730099981889
30.79730099981889
